-40 0.88382097169157403
-39 0.89042968500564579
-38 0.89708781520324865
-37 0.90379573213385966
-36 0.91055380858214952
-35 0.91736242037510396
-34 0.92422194653269385
-33 0.93113276948386836
-32 0.93809527538061321
-31 0.94510985455919305
-30 0.9521769022224067
-29 0.95929681945370748
-28 0.96647001472973637
-27 0.97369690618141957
-26 0.98097792497946346
-25 0.98831352040892761
-24 0.99570416748139434
-23 1.0031503783603453
-22 1.0106527195177666
-21 1.0182118375081248
-20 1.0258284977061147
-19 1.0335036425624671
-18 1.0412384792808129
-17 1.0490346119214009
-16 1.0568942407667468
-15 1.0648204639162733
-14 1.0728177351439951
-13 1.0808925626208739
-12 1.0890545834588627
-11 1.0973182350424089
-10 1.1057053980110445
-9 1.1142496775189072
-8 1.1230035827013372
-7 1.1320511774602968
-6 1.1415320053684164
-5 1.1516912057400137
-4 1.1629996469913266
-3 1.1764090660061461
-2 1.1919528802794581
-1 1.1833391126665327
0 1
1 0.5
2 0.082521385534027283
3 0.001565550643399509
4 4.0564945956752952e-07
5 1.9889778694241419e-14
6 3.5155060831483006e-29
7 8.0999791284804186e-59
8 0
