-60 0.16816670973609577
-59 0.17220541076156076
-58 0.17634111319150889
-57 0.1805761487309577
-56 0.18491290561292431
-55 0.18935383008931397
-54 0.19390142798954152
-53 0.19855826635774107
-52 0.20332697518070883
-51 0.20821024922159484
-50 0.21321084997785877
-49 0.21833160778650282
-48 0.22357542410511183
-47 0.22894527400414874
-46 0.23444420891463577
-45 0.2400753596861479
-44 0.24584194002358312
-43 0.25174725038811796
-42 0.25779468246890064
-41 0.26398772435860834
-40 0.27032996659921471
-39 0.27682510930598719
-38 0.28347697063008631
-37 0.29028949688586075
-36 0.29726677475164021
-35 0.30441304605710967
-34 0.31173272580190525
-33 0.31923042421667369
-32 0.32691097388914647
-31 0.33477946324690266
-30 0.34284127803237563
-29 0.35110215284728885
-28 0.3595682354138719
-27 0.36824616694104312
-26 0.37714318295366284
-25 0.3862672402235941
-24 0.39562717714924112
-23 0.40523291723365495
-22 0.41509572845759946
-21 0.42522855570315538
-20 0.43564644951911086
-19 0.44636712330760686
-18 0.45741168384289016
-17 0.46880559916716341
-16 0.48057999711162563
-15 0.49277343342086305
-14 0.50543434214848026
-13 0.51862450362735868
-12 0.53242407706224948
-11 0.54693912633663588
-10 0.56231329070956804
-9 0.5787467087537308
-8 0.59652847206197845
-7 0.61609652022217087
-6 0.63816042958775987
-5 0.66400207247045229
-4 0.69646836319782379
-3 0.7441229958301756
-2 0.83399765146222393
-1 0.99298087845668548
0 1
1 0.5
2 0.061793031897867425
3 0.0005173543931752076
4 2.081179607388796e-08
5 1.9707929127159509e-17
6 0
