-50 0.24977475099443658
-49 0.25637589990585258
-48 0.26315150799858189
-47 0.27010618649131202
-46 0.27724466867644348
-45 0.28457181322493619
-44 0.29209260760842354
-43 0.29981217165306118
-42 0.30773576124435176
-41 0.31586877220860554
-40 0.32421674440568704
-39 0.33278536608002146
-38 0.3415804785337716
-37 0.35060808120961112
-36 0.35987433730280621
-35 0.36938558006697159
-34 0.37914832003952659
-33 0.38916925349797432
-32 0.39945527257573327
-31 0.41001347762874257
-30 0.42085119266880555
-29 0.43197598499041057
-28 0.44339569054816413
-27 0.45511844723839912
-26 0.4671527390661756
-25 0.47950745532962713
-24 0.4921919705571321
-23 0.50521625317453212
-22 0.51859101402661933
-21 0.53232791031927829
-20 0.54643982686427905
-19 0.56094126557184598
-18 0.57584888729809502
-17 0.59118226955977382
-16 0.60696497278182693
-15 0.62322605255999686
-14 0.64000222624768954
-13 0.65734101782068688
-12 0.67530540109887383
-11 0.69398080891883995
-10 0.71348602362176683
-9 0.73399074558915034
-8 0.75574535931554143
-7 0.77913474705921826
-6 0.80478462551967656
-5 0.83380130958111787
-4 0.86843711457658257
-3 0.9143377828410173
-2 0.98548467929442984
-1 1.078654791562017
0 1
1 0.50000000000000011
2 0.07033396228825374
3 0.00084815808148013157
4 7.8223549709799294e-08
5 4.2925181992309488e-16
6 8.4049430935958834e-33
7 2.0756584471975665e-66
8 0
