-40 0.58888967381395418
-39 0.5983104244361046
-38 0.60788188610791327
-37 0.61760647117960943
-36 0.62748663123013748
-35 0.63752485799444081
-34 0.64772368444656159
-33 0.65808568610732621
-32 0.66861348267776866
-31 0.67930974014682055
-30 0.69017717359175235
-29 0.70121855099246699
-28 0.71243669853189684
-27 0.72383450807699234
-26 0.73541494786194672
-25 0.74718107787680887
-24 0.75913607217399903
-23 0.77128325135089926
-22 0.7836261300099836
-21 0.79616848627943226
-20 0.80891446385804455
-19 0.82186872207546069
-18 0.83503665697043328
-17 0.84842472769182065
-16 0.86204093969713635
-15 0.87589556266116131
-14 0.89000220246643136
-13 0.90437941327101568
-12 0.9190531461673318
-11 0.9340605217928013
-10 0.9494557604860131
-9 0.96531977009643533
-8 0.9817762686990491
-7 0.99902041969914424
-6 1.0173737400069047
-5 1.037401727551112
-4 1.0602096661842879
-3 1.0882559677079471
-2 1.1254933885422758
-1 1.1510172627396245
0 1
1 0.50000000000000011
2 0.078538767066467646
3 0.0012945666816841924
4 2.4337036311403412e-07
5 6.0422336021990891e-15
6 2.6348022312126516e-30
7 3.5223256027349914e-61
8 0
