-80 0.16158775628174257
-79 0.16421927834113645
-78 0.16689366305172612
-77 0.16961160977881837
-76 0.17237382949439781
-75 0.17518104500818515
-74 0.17803399120358196
-73 0.18093341528464107
-72 0.18388007703543827
-71 0.18687474909344201
-70 0.18991821723873509
-69 0.19301128070124832
-68 0.1961547524885085
-67 0.1993494597368331
-66 0.20259624408935192
-65 0.20589596210483194
-64 0.20924948570190466
-63 0.21265770264407119
-62 0.21612151707175006
-61 0.21964185008867279
-60 0.2232196404111427
-59 0.22685584509009799
-58 0.23055144031758165
-57 0.23430742233116506
-56 0.23812480843213055
-55 0.24200463813591719
-54 0.24594797447640987
-53 0.24995590548933744
-52 0.25402954590433935
-51 0.25817003908026681
-50 0.26237855922425629
-49 0.26665631394202249
-48 0.27100454717509359
-47 0.27542454259032556
-46 0.27991762749854776
-45 0.2844851773926827
-44 0.28912862121180294
-43 0.29384944745665537
-42 0.29864921130500249
-41 0.30352954290232664
-40 0.30849215703611771
-39 0.31353886444126855
-38 0.3186715850315624
-37 0.32389236340989047
-36 0.32920338708006042
-35 0.3346070078691773
-34 0.34010576717568936
-33 0.34570242578981125
-32 0.35139999919731818
-31 0.35720179948429681
-30 0.36311148522216907
-29 0.36913312104664725
-28 0.37527124907517462
-27 0.38153097486781801
-26 0.38791807137291484
-25 0.3944391052763398
-24 0.4011015914860695
-23 0.40791418326801832
-22 0.41488690800609529
-21 0.42203146199035468
-20 0.42936158250129347
-19 0.43689352246952057
-18 0.4446466632805387
-17 0.45264431670294419
-16 0.46091479050849299
-15 0.46949282937750203
-14 0.47842160244945542
-13 0.48775550849593569
-12 0.49756424199050087
-11 0.50793887455774012
-10 0.5190012982733867
-9 0.53091957746845131
-8 0.54393439964634216
-7 0.55840841645121453
-6 0.57493101517863621
-5 0.59460521624811147
-4 0.62019084610854092
-3 0.66150248048470639
-2 0.75337472500495895
-1 0.94373203195430511
0 1
1 0.50000000000000011
2 0.057397687727683555
3 0.00039063369022196442
4 9.8176255165907222e-09
5 3.4359660554444232e-18
6 2.3544189910674232e-37
7 0
