-40 0.00011961351590472138
-39 0.00010922435704067099
-38 9.9723582672590739e-05
-37 9.1035125091260008e-05
-36 8.3089426317697944e-05
-35 7.5822880343259303e-05
-34 6.9177322954846546e-05
-33 6.3099565021873459e-05
-32 5.7540965459274384e-05
-31 5.2457040385077989e-05
-30 4.78071052634327e-05
-29 4.355394706562393e-05
-28 3.9663523693241559e-05
-27 3.6104688089468513e-05
-26 3.2848934616291011e-05
-25 2.9870165396823902e-05
-24 2.7144474412472793e-05
-23 2.4649947204522588e-05
-22 2.2366474060987916e-05
-21 2.0275574578304621e-05
-20 1.8360231488055267e-05
-19 1.6604731661583898e-05
-18 1.4994512309571844e-05
-17 1.3516010691994879e-05
-16 1.2156516352785423e-05
-15 1.0904026360872099e-05
-14 9.7471069103994227e-06
-13 8.6747699602067411e-06
-12 7.6763830112748014e-06
-11 6.7416459026255108e-06
-10 5.8606930531256156e-06
-9 5.0244135758031841e-06
-8 4.2251187618947939e-06
-7 3.4577172003814444e-06
-6 2.7223530234762997e-06
-5 2.0264578589710494e-06
-4 1.3796748896531812e-06
-3 8.1111487632941029e-07
-2 3.6214608482219305e-07
-1 1.7953444666152106e-07
2 4.6692108124819665e-09
3 2.2838573625957379e-10
4 1.0183092279908178e-13
5 5.1391154002824922e-20
6 3.2896120266208604e-20
7 2.0936160223273501e-20
8 9.9999999999999995e-21
