-80 0.086492223182095263
-79 0.079109563566731128
-78 0.072356915364589935
-77 0.06618050880839485
-76 0.060531162896080869
-75 0.055363893772740203
-74 0.050637556525645881
-73 0.046314517549434282
-72 0.042360354872477628
-71 0.038743584058137846
-70 0.03543540749824909
-69 0.032409485102453325
-68 0.029641724557393036
-67 0.027110089485604432
-66 0.024794423976494687
-65 0.022676292092163285
-64 0.020738831070077443
-63 0.018966617053686668
-62 0.01734554228182824
-61 0.015862702759029849
-60 0.014506295512284512
-59 0.013265524616220343
-58 0.012130515238422814
-57 0.01109223502054598
-56 0.01014242216928055
-55 0.0092735196846968869
-54 0.0084786152023757864
-53 0.0077513859704692782
-52 0.0070860485237548834
-51 0.0064773126541859509
-50 0.0059203393116973183
-49 0.0054107021003734577
-48 0.0049443520637759081
-47 0.0045175854794884786
-46 0.0041270144069823237
-45 0.003769539754921919
-44 0.0034423266542036152
-43 0.0031427819415027194
-42 0.0028685335750509751
-41 0.0026174118199090556
-40 0.0023874320542610493
-39 0.0021767790613511687
-38 0.0019837926837062724
-37 0.0018069547273287002
-36 0.0016448770136769744
-35 0.0014962904865374782
-34 0.0013600352893727763
-33 0.0012350517364370394
-32 0.0011203721078789483
-31 0.0010151132051829843
-30 0.00091846960857403664
-29 0.00082970758233223642
-28 0.00074815957719505464
-27 0.00067321928097431062
-26 0.00060433716895076997
-25 0.00054101650425186364
-24 0.0004828097349711948
-23 0.00042931522897371222
-22 0.00038017427895770274
-21 0.00033506829942109995
-20 0.00029371612406744427
-19 0.00025587129781748158
-18 0.00022131924372815613
-17 0.00018987417463657588
-16 0.0001613756164646329
-15 0.00013568442048171524
-14 0.00011267817217817926
-13 9.2245961863060292e-05
-12 7.4282572204893336e-05
-11 5.868226138334355e-05
-10 4.5332520976243874e-05
-9 3.4108136575710206e-05
-8 2.4866330684967353e-05
-7 1.744409133190531e-05
-6 1.1658491791705249e-05
-5 7.332842340489692e-06
-4 4.2216095961432485e-06
-3 2.1101338475164432e-06
-2 8.25752056749844e-07
-1 3.0011345137412638e-07
2 6.5107690168135233e-09
3 1.3824223732277559e-10
4 8.3370951415319156e-15
5 3.2892566260522943e-20
6 2.0933064990850766e-20
7 9.9999999999999995e-21
