-40 0.00014985971852750002
-39 0.00013570890852369295
-38 0.00012287732419433844
-37 0.00011124191398417006
-36 0.00010069110254357183
-35 9.112372005607282e-05
-34 8.2448031330360135e-05
-33 7.4580855318519862e-05
-32 6.7446766582033844e-05
-31 6.0977371003023607e-05
-30 5.5110648736999713e-05
-29 4.9790358030657411e-05
-28 4.4965494088812575e-05
-27 4.0589797672202807e-05
-26 3.6621308545452406e-05
-25 3.3021959273964802e-05
-24 2.975720519101561e-05
-23 2.6795686622501738e-05
-22 2.4108919667385917e-05
-21 2.1671011988983309e-05
-20 1.9458400181948749e-05
-19 1.7449605357160268e-05
-18 1.5625003665059789e-05
-17 1.3966608626841923e-05
-16 1.2457862500056415e-05
-15 1.1083434735289914e-05
-14 9.8290273762016155e-06
-13 8.6811909037126856e-06
-12 7.6271610569166597e-06
-11 6.6547400434668783e-06
-10 5.7522677717716649e-06
-9 4.9087639756687179e-06
-8 4.1143706060334631e-06
-7 3.3612855937164544e-06
-6 2.6461719514878759e-06
-5 1.9715879900042463e-06
-4 1.3446334049475157e-06
-3 7.9090535081135894e-07
-2 3.5282221818861645e-07
-1 1.7613206613673833e-07
2 4.7807986249210612e-09
3 2.6849167339718628e-10
4 1.6492250616499124e-13
5 4.6779136385290539e-18
6 3.3191746558260016e-18
7 2.102864515741406e-18
8 9.9999999999999995e-21
