-50 0.00024612659745055777
-49 0.00022724727752312669
-48 0.000209806061685251
-47 0.00019369332071479325
-46 0.00017880777897975506
-45 0.00016505587746814342
-44 0.00015235118529390718
-43 0.00014061385596777419
-42 0.00012977012500074031
-41 0.00011975184566474656
-40 0.00011049605997119067
-39 0.00010194460214469172
-38 9.4043732068140653e-05
-37 8.6743796356563192e-05
-36 7.9998914882584474e-05
-35 7.3766690726076391e-05
-34 6.8007941655507829e-05
-33 6.2686451369118747e-05
-32 5.7768738830714958e-05
-31 5.3223844128003948e-05
-30 4.902312936137027e-05
-29 4.5140093138391637e-05
-28 4.1550197305201921e-05
-27 3.8230704591765458e-05
-26 3.5160525887406148e-05
-25 3.2320075901135693e-05
-24 2.969113600814394e-05
-23 2.725672315568315e-05
-22 2.5000963825839602e-05
-21 2.2908972274068793e-05
-20 2.0966732652823266e-05
-19 1.9160985302748627e-05
-18 1.7479118625259131e-05
-17 1.5909069803031735e-05
-16 1.4439240587459084e-05
-15 1.3058438933221578e-05
-14 1.1755864036608334e-05
-13 1.0521161871140393e-05
-12 9.3445906533099117e-06
-11 8.2173494228190512e-06
-10 7.1321329450384606e-06
-9 6.083971915771633e-06
-8 5.0713783778133474e-06
-7 4.0977325049422927e-06
-6 3.1735420157736378e-06
-5 2.3209277318193456e-06
-4 1.5514500375621108e-06
-3 8.9953075963563778e-07
-2 3.9921369222523097e-07
-1 1.9094680443571542e-07
2 4.5207273206197039e-09
3 1.6290577473575974e-10
4 3.5683596338166295e-14
5 4.5648008982696307e-20
6 3.2543135770393262e-20
7 2.0825023150182245e-20
8 9.9999999999999995e-21
