-60 0.0017497854218590152
-59 0.0016124976761582124
-58 0.0014859695106442712
-57 0.0013693573696435858
-56 0.0012618838022271095
-55 0.0011628322783997632
-54 0.001071542411326266
-53 0.00098740555376861236
-52 0.00090986073936671213
-51 0.0008383909416917355
-50 0.00077251962611924916
-49 0.00071180757152039759
-48 0.00065584994056724162
-47 0.00060427357910495779
-46 0.00055673452657007273
-45 0.00051291572084053295
-44 0.00047252488219978923
-43 0.00043529256229206219
-42 0.00040097034504789255
-41 0.00036932918757579078
-40 0.00034015788995471675
-39 0.00031326168373042266
-38 0.00028846092972339976
-37 0.00026558991650433634
-36 0.0002444957515918665
-35 0.00022503733808472252
-34 0.00020708443006465138
-33 0.00019051676070728945
-32 0.00017522323762684148
-31 0.00016110120057032698
-30 0.00014805573718461291
-29 0.00013599905322428922
-28 0.00012484989427479179
-27 0.00011453301686198358
-26 0.00010497870774049345
-25 9.6122351236224769e-05
-24 8.790404580227387e-05
-23 8.0268272465275329e-05
-22 7.3163619606429726e-05
-21 6.6542570514448686e-05
-20 6.036136226787786e-05
-19 5.4579926523142043e-05
-18 4.9161924262546082e-05
-17 4.4074886733336347e-05
-16 3.9290472473696531e-05
-15 3.4784843689114507e-05
-14 3.0539151910021759e-05
-13 2.6540099985041934e-05
-12 2.2780512389603771e-05
-11 1.9259797678869816e-05
-10 1.5984134884956176e-05
-9 1.296611727593322e-05
-8 1.0223650938672166e-05
-7 7.7778779206745686e-06
-6 5.6505071439311261e-06
-5 3.8758537673843117e-06
-4 2.4341251112037197e-06
-3 1.3332549240525764e-06
-2 5.6797764911843493e-07
-1 2.475045927423753e-07
2 1.5323214495382365e-08
3 2.4914274375504986e-10
4 2.4686981417483468e-14
5 1.0108810106275507e-18
6 9.9999999999999995e-21
