# Lambda kappa s_star alpha_star gamma KB KA fixed_diff
1.1000 1.003483356664 0.60496135 0.351575 0.296849 140 8 8.4e-15
1.1500 1.010521205929 0.58238692 0.370776 0.258447 140 8 9.7e-15
1.2000 1.016285105815 0.56096435 0.377634 0.244732 140 8 8.3e-15
1.2500 1.020763818309 0.54055945 0.379383 0.241235 140 8 9.1e-15
1.3000 1.024015850964 0.52109051 0.378561 0.242879 140 8 9.7e-15
1.3500 1.026120506507 0.50249509 0.376294 0.247413 140 8 7.7e-15
1.4000 1.027164868402 0.48472106 0.373162 0.253676 128 8 9.6e-15
1.4500 1.027238117535 0.46772284 0.369496 0.261007 116 8 8.5e-15
1.5000 1.026428392525 0.45145936 0.365500 0.268999 106 8 8.2e-15
1.5500 1.024820877670 0.43589291 0.361305 0.277389 98 8 6.9e-15
1.6000 1.022496618328 0.42098843 0.357000 0.285999 91 8 8.9e-15
1.6500 1.019531817792 0.40671302 0.352647 0.294706 86 8 6.5e-15
1.7000 1.015997469334 0.39303566 0.348288 0.303424 81 8 8.4e-15
1.7500 1.011959225275 0.37992697 0.343955 0.312090 77 8 6.7e-15
1.8000 1.007477432856 0.36735911 0.339670 0.320659 73 8 5.1e-15
1.8250 1.005087649353 0.36126968 0.337551 0.324898 71 8 7.4e-15
1.8500 1.002607285171 0.35530564 0.335450 0.329101 70 8 6.0e-15
1.8600 1.001591160171 0.35295444 0.334614 0.330771 69 8 7.1e-15
1.8700 1.000561905752 0.35062261 0.333782 0.332436 68 8 8.7e-15
1.8800 0.999519893801 0.34830996 0.332953 0.334094 68 8 8.2e-15
1.8900 0.998465488947 0.34601631 0.332127 0.335746 67 8 8.4e-15
1.9000 0.997399048660 0.34374145 0.331305 0.337391 67 8 9.3e-15
1.9500 0.991898338510 0.33264268 0.327243 0.345514 64 8 9.3e-15
2.0000 0.986146420863 0.32198669 0.323270 0.353460 62 8 8.9e-15
2.2000 0.961317296724 0.28337678 0.308316 0.383369 54 8 3.6e-14
2.5000 0.921389014063 0.23555708 0.288657 0.422686 47 8 2.0e-13
