m n z
90 90 0.15334
91 90 0.16365
92 90 0.17395
93 90 0.18426
94 90 0.19457
95 90 0.20488
96 90 0.21518
97 90 0.22549
98 90 0.23580
99 90 0.24610
100 90 0.25641
101 90 0.26672
102 90 0.27703
103 90 0.28733
104 90 0.29764
105 90 0.30795
106 90 0.31826
107 90 0.32857
108 90 0.33888
109 90 0.34918
110 90 0.35950
111 90 0.36981
112 90 0.38012
113 90 0.39043
114 90 0.40075
115 90 0.41106
116 90 0.42138
117 90 0.43171
118 90 0.44203
119 90 0.45236
120 90 0.46269
121 90 0.47303
122 90 0.48338
123 90 0.49374
124 90 0.50411
125 90 0.51449
126 90 0.52489
127 90 0.53531
128 90 0.54575
129 90 0.55622
130 90 0.56674
131 90 0.57729
132 90 0.58791
133 90 0.59859
134 90 0.60937
135 90 0.62025
136 90 0.63127
137 90 0.64245
138 90 0.65386
139 90 0.66554
140 90 0.67758
141 90 0.69009
142 90 0.70323
143 90 0.71725
144 90 0.73253
145 90 0.74977
146 90 0.77050
147 90 0.79925
148 90 0.84877
149 90 0.92454
150 90 0.92760
151 90 0.62657
152 90 -0.28146
153 90 -1.50000
