m n z
50 50 -0.25893
51 50 -0.24862
52 50 -0.23831
53 50 -0.22801
54 50 -0.21770
55 50 -0.20739
56 50 -0.19709
57 50 -0.18678
58 50 -0.17647
59 50 -0.16616
60 50 -0.15586
61 50 -0.14555
62 50 -0.13524
63 50 -0.12493
64 50 -0.11463
65 50 -0.10432
66 50 -0.09401
67 50 -0.08370
68 50 -0.07339
69 50 -0.06308
70 50 -0.05277
71 50 -0.04246
72 50 -0.03215
73 50 -0.02183
74 50 -0.01152
75 50 -0.00120
76 50 0.00912
77 50 0.01944
78 50 0.02976
79 50 0.04009
80 50 0.05043
81 50 0.06077
82 50 0.07112
83 50 0.08147
84 50 0.09184
85 50 0.10222
86 50 0.11262
87 50 0.12304
88 50 0.13348
89 50 0.14396
90 50 0.15447
91 50 0.16503
92 50 0.17564
93 50 0.18633
94 50 0.19710
95 50 0.20798
96 50 0.21900
97 50 0.23019
98 50 0.24159
99 50 0.25327
100 50 0.26531
101 50 0.27782
102 50 0.29097
103 50 0.30498
104 50 0.32026
105 50 0.33750
106 50 0.35824
107 50 0.38698
108 50 0.43650
109 50 0.51227
110 50 0.51533
111 50 0.21430
112 50 -0.69373
113 50 -1.50000
