m n z
30 30 -0.46506
31 30 -0.45475
32 30 -0.44445
33 30 -0.43414
34 30 -0.42383
35 30 -0.41353
36 30 -0.40322
37 30 -0.39291
38 30 -0.38260
39 30 -0.37230
40 30 -0.36199
41 30 -0.35168
42 30 -0.34138
43 30 -0.33107
44 30 -0.32076
45 30 -0.31045
46 30 -0.30014
47 30 -0.28983
48 30 -0.27953
49 30 -0.26922
50 30 -0.25891
51 30 -0.24859
52 30 -0.23828
53 30 -0.22797
54 30 -0.21765
55 30 -0.20734
56 30 -0.19702
57 30 -0.18670
58 30 -0.17637
59 30 -0.16604
60 30 -0.15571
61 30 -0.14537
62 30 -0.13502
63 30 -0.12466
64 30 -0.11429
65 30 -0.10391
66 30 -0.09351
67 30 -0.08309
68 30 -0.07265
69 30 -0.06218
70 30 -0.05167
71 30 -0.04111
72 30 -0.03049
73 30 -0.01981
74 30 -0.00903
75 30 0.00185
76 30 0.01287
77 30 0.02405
78 30 0.03546
79 30 0.04714
80 30 0.05918
81 30 0.07169
82 30 0.08483
83 30 0.09885
84 30 0.11413
85 30 0.13137
86 30 0.15210
87 30 0.18085
88 30 0.23037
89 30 0.30614
90 30 0.30920
91 30 0.00817
92 30 -0.89986
93 30 -1.50000
