m n z
100 100 0.25641
101 100 0.26671
102 100 0.27702
103 100 0.28733
104 100 0.29764
105 100 0.30794
106 100 0.31825
107 100 0.32856
108 100 0.33886
109 100 0.34917
110 100 0.35948
111 100 0.36978
112 100 0.38009
113 100 0.39040
114 100 0.40071
115 100 0.41102
116 100 0.42132
117 100 0.43163
118 100 0.44194
119 100 0.45225
120 100 0.46256
121 100 0.47287
122 100 0.48319
123 100 0.49350
124 100 0.50381
125 100 0.51413
126 100 0.52445
127 100 0.53477
128 100 0.54510
129 100 0.55543
130 100 0.56576
131 100 0.57610
132 100 0.58645
133 100 0.59681
134 100 0.60717
135 100 0.61756
136 100 0.62795
137 100 0.63837
138 100 0.64882
139 100 0.65929
140 100 0.66980
141 100 0.68036
142 100 0.69098
143 100 0.70166
144 100 0.71243
145 100 0.72332
146 100 0.73433
147 100 0.74552
148 100 0.75693
149 100 0.76861
150 100 0.78065
151 100 0.79316
152 100 0.80630
153 100 0.82032
154 100 0.83560
155 100 0.85284
156 100 0.87357
157 100 0.90231
158 100 0.95183
159 100 1.02761
160 100 1.03067
161 100 0.72964
162 100 -0.17839
163 100 -1.50000
