m n z
20 20 -0.56813
21 20 -0.55782
22 20 -0.54751
23 20 -0.53721
24 20 -0.52690
25 20 -0.51659
26 20 -0.50629
27 20 -0.49598
28 20 -0.48567
29 20 -0.47536
30 20 -0.46506
31 20 -0.45475
32 20 -0.44444
33 20 -0.43413
34 20 -0.42383
35 20 -0.41352
36 20 -0.40321
37 20 -0.39290
38 20 -0.38259
39 20 -0.37228
40 20 -0.36197
41 20 -0.35166
42 20 -0.34135
43 20 -0.33104
44 20 -0.32072
45 20 -0.31040
46 20 -0.30008
47 20 -0.28976
48 20 -0.27944
49 20 -0.26911
50 20 -0.25877
51 20 -0.24843
52 20 -0.23809
53 20 -0.22773
54 20 -0.21736
55 20 -0.20698
56 20 -0.19658
57 20 -0.18616
58 20 -0.17572
59 20 -0.16524
60 20 -0.15473
61 20 -0.14417
62 20 -0.13356
63 20 -0.12287
64 20 -0.11210
65 20 -0.10122
66 20 -0.09020
67 20 -0.07901
68 20 -0.06761
69 20 -0.05593
70 20 -0.04389
71 20 -0.03138
72 20 -0.01824
73 20 -0.00422
74 20 0.01106
75 20 0.02830
76 20 0.04903
77 20 0.07778
78 20 0.12730
79 20 0.20307
80 20 0.20613
81 20 -0.09490
82 20 -1.00293
83 20 -1.50000
