m n z
10 10 -0.67119
11 10 -0.66089
12 10 -0.65058
13 10 -0.64027
14 10 -0.62997
15 10 -0.61966
16 10 -0.60935
17 10 -0.59905
18 10 -0.58874
19 10 -0.57843
20 10 -0.56812
21 10 -0.55782
22 10 -0.54751
23 10 -0.53720
24 10 -0.52689
25 10 -0.51659
26 10 -0.50628
27 10 -0.49597
28 10 -0.48566
29 10 -0.47535
30 10 -0.46504
31 10 -0.45473
32 10 -0.44442
33 10 -0.43410
34 10 -0.42379
35 10 -0.41347
36 10 -0.40315
37 10 -0.39283
38 10 -0.38250
39 10 -0.37217
40 10 -0.36184
41 10 -0.35150
42 10 -0.34115
43 10 -0.33079
44 10 -0.32043
45 10 -0.31005
46 10 -0.29965
47 10 -0.28923
48 10 -0.27878
49 10 -0.26831
50 10 -0.25780
51 10 -0.24724
52 10 -0.23663
53 10 -0.22594
54 10 -0.21517
55 10 -0.20429
56 10 -0.19327
57 10 -0.18208
58 10 -0.17068
59 10 -0.15899
60 10 -0.14695
61 10 -0.13444
62 10 -0.12130
63 10 -0.10728
64 10 -0.09200
65 10 -0.07476
66 10 -0.05403
67 10 -0.02529
68 10 0.02423
69 10 0.10001
70 10 0.10307
71 10 -0.19796
72 10 -1.10599
73 10 -1.50000
