m n z
80 80 0.05027
81 80 0.06058
82 80 0.07089
83 80 0.08119
84 80 0.09150
85 80 0.10181
86 80 0.11212
87 80 0.12242
88 80 0.13273
89 80 0.14304
90 80 0.15334
91 80 0.16365
92 80 0.17396
93 80 0.18427
94 80 0.19457
95 80 0.20488
96 80 0.21519
97 80 0.22550
98 80 0.23581
99 80 0.24612
100 80 0.25643
101 80 0.26674
102 80 0.27705
103 80 0.28737
104 80 0.29768
105 80 0.30800
106 80 0.31832
107 80 0.32864
108 80 0.33896
109 80 0.34929
110 80 0.35963
111 80 0.36997
112 80 0.38032
113 80 0.39067
114 80 0.40104
115 80 0.41142
116 80 0.42182
117 80 0.43224
118 80 0.44268
119 80 0.45316
120 80 0.46367
121 80 0.47423
122 80 0.48484
123 80 0.49553
124 80 0.50630
125 80 0.51718
126 80 0.52820
127 80 0.53939
128 80 0.55079
129 80 0.56247
130 80 0.57451
131 80 0.58702
132 80 0.60017
133 80 0.61418
134 80 0.62946
135 80 0.64670
136 80 0.66744
137 80 0.69618
138 80 0.74570
139 80 0.82148
140 80 0.82453
141 80 0.52350
142 80 -0.38453
143 80 -1.50000
