m n z
70 70 -0.05279
71 70 -0.04249
72 70 -0.03218
73 70 -0.02187
74 70 -0.01157
75 70 -0.00126
76 70 0.00905
77 70 0.01936
78 70 0.02966
79 70 0.03997
80 70 0.05028
81 70 0.06058
82 70 0.07089
83 70 0.08120
84 70 0.09151
85 70 0.10182
86 70 0.11212
87 70 0.12243
88 70 0.13274
89 70 0.14305
90 70 0.15336
91 70 0.16367
92 70 0.17399
93 70 0.18430
94 70 0.19461
95 70 0.20493
96 70 0.21525
97 70 0.22557
98 70 0.23590
99 70 0.24623
100 70 0.25656
101 70 0.26690
102 70 0.27725
103 70 0.28761
104 70 0.29797
105 70 0.30836
106 70 0.31875
107 70 0.32917
108 70 0.33962
109 70 0.35009
110 70 0.36060
111 70 0.37116
112 70 0.38177
113 70 0.39246
114 70 0.40323
115 70 0.41411
116 70 0.42513
117 70 0.43632
118 70 0.44773
119 70 0.45941
120 70 0.47145
121 70 0.48396
122 70 0.49710
123 70 0.51112
124 70 0.52640
125 70 0.54364
126 70 0.56437
127 70 0.59311
128 70 0.64263
129 70 0.71841
130 70 0.72147
131 70 0.42044
132 70 -0.48759
133 70 -1.50000
