m n z
0 0 -0.77426
1 0 -0.76395
2 0 -0.75365
3 0 -0.74334
4 0 -0.73303
5 0 -0.72273
6 0 -0.71242
7 0 -0.70211
8 0 -0.69181
9 0 -0.68150
10 0 -0.67119
11 0 -0.66088
12 0 -0.65058
13 0 -0.64027
14 0 -0.62996
15 0 -0.61965
16 0 -0.60934
17 0 -0.59904
18 0 -0.58873
19 0 -0.57842
20 0 -0.56811
21 0 -0.55779
22 0 -0.54748
23 0 -0.53717
24 0 -0.52685
25 0 -0.51654
26 0 -0.50622
27 0 -0.49590
28 0 -0.48557
29 0 -0.47524
30 0 -0.46491
31 0 -0.45457
32 0 -0.44422
33 0 -0.43386
34 0 -0.42349
35 0 -0.41311
36 0 -0.40271
37 0 -0.39230
38 0 -0.38185
39 0 -0.37138
40 0 -0.36087
41 0 -0.35031
42 0 -0.33969
43 0 -0.32901
44 0 -0.31823
45 0 -0.30735
46 0 -0.29634
47 0 -0.28515
48 0 -0.27374
49 0 -0.26206
50 0 -0.25002
51 0 -0.23751
52 0 -0.22437
53 0 -0.21035
54 0 -0.19507
55 0 -0.17783
56 0 -0.15710
57 0 -0.12836
58 0 -0.07884
59 0 -0.00306
60 0 0.00000
61 0 -0.30103
62 0 -1.20906
63 0 -1.50000
