m n z
60 60 -0.15586
61 60 -0.14555
62 60 -0.13525
63 60 -0.12494
64 60 -0.11463
65 60 -0.10433
66 60 -0.09402
67 60 -0.08371
68 60 -0.07340
69 60 -0.06310
70 60 -0.05279
71 60 -0.04248
72 60 -0.03218
73 60 -0.02187
74 60 -0.01156
75 60 -0.00125
76 60 0.00906
77 60 0.01937
78 60 0.02967
79 60 0.03998
80 60 0.05029
81 60 0.06061
82 60 0.07092
83 60 0.08123
84 60 0.09155
85 60 0.10186
86 60 0.11218
87 60 0.12251
88 60 0.13283
89 60 0.14316
90 60 0.15349
91 60 0.16383
92 60 0.17418
93 60 0.18454
94 60 0.19491
95 60 0.20529
96 60 0.21569
97 60 0.22611
98 60 0.23655
99 60 0.24702
100 60 0.25753
101 60 0.26809
102 60 0.27871
103 60 0.28939
104 60 0.30017
105 60 0.31105
106 60 0.32207
107 60 0.33325
108 60 0.34466
109 60 0.35634
110 60 0.36838
111 60 0.38089
112 60 0.39403
113 60 0.40805
114 60 0.42333
115 60 0.44057
116 60 0.46130
117 60 0.49005
118 60 0.53957
119 60 0.61534
120 60 0.61840
121 60 0.31737
122 60 -0.59066
123 60 -1.50000
