m n z
40 40 -0.36199
41 40 -0.35169
42 40 -0.34138
43 40 -0.33107
44 40 -0.32077
45 40 -0.31046
46 40 -0.30015
47 40 -0.28984
48 40 -0.27954
49 40 -0.26923
50 40 -0.25892
51 40 -0.24862
52 40 -0.23831
53 40 -0.22800
54 40 -0.21769
55 40 -0.20739
56 40 -0.19708
57 40 -0.18677
58 40 -0.17646
59 40 -0.16615
60 40 -0.15584
61 40 -0.14553
62 40 -0.13522
63 40 -0.12490
64 40 -0.11459
65 40 -0.10427
66 40 -0.09395
67 40 -0.08363
68 40 -0.07330
69 40 -0.06297
70 40 -0.05264
71 40 -0.04230
72 40 -0.03195
73 40 -0.02159
74 40 -0.01123
75 40 -0.00084
76 40 0.00955
77 40 0.01997
78 40 0.03042
79 40 0.04089
80 40 0.05140
81 40 0.06196
82 40 0.07257
83 40 0.08326
84 40 0.09403
85 40 0.10491
86 40 0.11593
87 40 0.12712
88 40 0.13852
89 40 0.15021
90 40 0.16225
91 40 0.17476
92 40 0.18790
93 40 0.20192
94 40 0.21720
95 40 0.23444
96 40 0.25517
97 40 0.28391
98 40 0.33343
99 40 0.40921
100 40 0.41227
101 40 0.11124
102 40 -0.79679
103 40 -1.50000
