Lam kappa astar
1.1000 1.0034833567 0.351575
1.1500 1.0105212059 0.370776
1.2000 1.0162851058 0.377634
1.2500 1.0207638183 0.379383
1.3000 1.0240158510 0.378561
1.3500 1.0261205065 0.376294
1.4000 1.0271648684 0.373162
1.4500 1.0272381175 0.369496
1.5000 1.0264283925 0.365500
1.5500 1.0248208777 0.361305
1.6000 1.0224966183 0.357000
1.6500 1.0195318178 0.352647
1.7000 1.0159974693 0.348288
1.7500 1.0119592253 0.343955
1.8000 1.0074774329 0.339670
1.8250 1.0050876494 0.337551
1.8500 1.0026072852 0.335450
1.8600 1.0015911602 0.334614
1.8700 1.0005619058 0.333782
1.8800 0.9995198938 0.333333
1.8900 0.9984654889 0.333333
1.9000 0.9973990487 0.333333
1.9500 0.9918983385 0.333333
2.0000 0.9861464209 0.333333
