# step shell log10y tau
0 0 -0.774260 0.0000000000
0 1 -0.763953 0.0000000000
0 2 -0.753646 0.0000000000
0 3 -0.743340 0.0000000000
0 4 -0.733033 0.0000000000
0 5 -0.722726 0.0000000000
0 6 -0.712419 0.0000000000
0 7 -0.702112 0.0000000000
0 8 -0.691805 0.0000000000
0 9 -0.681498 0.0000000000
0 10 -0.671191 0.0000000000
0 11 -0.660883 0.0000000000
0 12 -0.650576 0.0000000000
0 13 -0.640268 0.0000000000
0 14 -0.629960 0.0000000000
0 15 -0.619652 0.0000000000
0 16 -0.609344 0.0000000000
0 17 -0.599035 0.0000000000
0 18 -0.588726 0.0000000000
0 19 -0.578416 0.0000000000
0 20 -0.568106 0.0000000000
0 21 -0.557795 0.0000000000
0 22 -0.547482 0.0000000000
0 23 -0.537169 0.0000000000
0 24 -0.526854 0.0000000000
0 25 -0.516537 0.0000000000
0 26 -0.506218 0.0000000000
0 27 -0.495896 0.0000000000
0 28 -0.485571 0.0000000000
0 29 -0.475241 0.0000000000
0 30 -0.464907 0.0000000000
0 31 -0.454567 0.0000000000
0 32 -0.444219 0.0000000000
0 33 -0.433862 0.0000000000
0 34 -0.423494 0.0000000000
0 35 -0.413112 0.0000000000
0 36 -0.402714 0.0000000000
0 37 -0.392295 0.0000000000
0 38 -0.381852 0.0000000000
0 39 -0.371378 0.0000000000
0 40 -0.360866 0.0000000000
0 41 -0.350308 0.0000000000
0 42 -0.339693 0.0000000000
0 43 -0.329007 0.0000000000
0 44 -0.318234 0.0000000000
0 45 -0.307353 0.0000000000
0 46 -0.296335 0.0000000000
0 47 -0.285147 0.0000000000
0 48 -0.273742 0.0000000000
0 49 -0.262061 0.0000000000
0 50 -0.250022 0.0000000000
0 51 -0.237511 0.0000000000
0 52 -0.224369 0.0000000000
0 53 -0.210351 0.0000000000
0 54 -0.195070 0.0000000000
0 55 -0.177831 0.0000000000
0 56 -0.157099 0.0000000000
0 57 -0.128355 0.0000000000
0 58 -0.078835 0.0000000000
0 59 -0.003059 0.0000000000
0 60 0.000000 0.0000000000
0 61 -0.301030 0.0000000000
0 62 -1.209060 0.0000000000
0 63 -3.286212 0.0000000000
0 64 -7.681690 0.0000000000
0 65 -14.000000 0.0000000000
0 66 -14.000000 0.0000000000
0 67 -14.000000 0.0000000000
0 68 -14.000000 0.0000000000
10 10 -0.671193 2.3929554953
10 11 -0.660886 2.3929554953
10 12 -0.650580 2.3929554953
10 13 -0.640273 2.3929554953
10 14 -0.629966 2.3929554953
10 15 -0.619659 2.3929554953
10 16 -0.609352 2.3929554953
10 17 -0.599045 2.3929554953
10 18 -0.588738 2.3929554953
10 19 -0.578431 2.3929554953
10 20 -0.568124 2.3929554953
10 21 -0.557817 2.3929554953
10 22 -0.547509 2.3929554953
10 23 -0.537202 2.3929554953
10 24 -0.526894 2.3929554953
10 25 -0.516586 2.3929554953
10 26 -0.506277 2.3929554953
10 27 -0.495968 2.3929554953
10 28 -0.485659 2.3929554953
10 29 -0.475349 2.3929554953
10 30 -0.465039 2.3929554953
10 31 -0.454728 2.3929554953
10 32 -0.444415 2.3929554953
10 33 -0.434102 2.3929554953
10 34 -0.423787 2.3929554953
10 35 -0.413470 2.3929554953
10 36 -0.403151 2.3929554953
10 37 -0.392829 2.3929554953
10 38 -0.382504 2.3929554953
10 39 -0.372174 2.3929554953
10 40 -0.361840 2.3929554953
10 41 -0.351500 2.3929554953
10 42 -0.341152 2.3929554953
10 43 -0.330795 2.3929554953
10 44 -0.320427 2.3929554953
10 45 -0.310045 2.3929554953
10 46 -0.299647 2.3929554953
10 47 -0.289228 2.3929554953
10 48 -0.278785 2.3929554953
10 49 -0.268311 2.3929554953
10 50 -0.257799 2.3929554953
10 51 -0.247241 2.3929554953
10 52 -0.236626 2.3929554953
10 53 -0.225940 2.3929554953
10 54 -0.215168 2.3929554953
10 55 -0.204286 2.3929554953
10 56 -0.193268 2.3929554953
10 57 -0.182080 2.3929554953
10 58 -0.170676 2.3929554953
10 59 -0.158994 2.3929554953
10 60 -0.146955 2.3929554953
10 61 -0.134445 2.3929554953
10 62 -0.121302 2.3929554953
10 63 -0.107284 2.3929554953
10 64 -0.092003 2.3929554953
10 65 -0.074764 2.3929554953
10 66 -0.054032 2.3929554953
10 67 -0.025288 2.3929554953
10 68 0.024232 2.3929554953
10 69 0.100008 2.3929554953
10 70 0.103067 2.3929554953
10 71 -0.197963 2.3929554953
10 72 -1.105994 2.3929554953
10 73 -3.183145 2.3929554953
10 74 -7.578624 2.3929554953
10 75 -14.000000 2.3929554953
10 76 -14.000000 2.3929554953
10 77 -14.000000 2.3929554953
10 78 -14.000000 2.3929554953
20 20 -0.568126 2.7212362934
20 21 -0.557820 2.7212362934
20 22 -0.547513 2.7212362934
20 23 -0.537206 2.7212362934
20 24 -0.526899 2.7212362934
20 25 -0.516592 2.7212362934
20 26 -0.506285 2.7212362934
20 27 -0.495978 2.7212362934
20 28 -0.485671 2.7212362934
20 29 -0.475364 2.7212362934
20 30 -0.465057 2.7212362934
20 31 -0.454750 2.7212362934
20 32 -0.444442 2.7212362934
20 33 -0.434135 2.7212362934
20 34 -0.423827 2.7212362934
20 35 -0.413519 2.7212362934
20 36 -0.403210 2.7212362934
20 37 -0.392902 2.7212362934
20 38 -0.382592 2.7212362934
20 39 -0.372283 2.7212362934
20 40 -0.361972 2.7212362934
20 41 -0.351661 2.7212362934
20 42 -0.341349 2.7212362934
20 43 -0.331035 2.7212362934
20 44 -0.320720 2.7212362934
20 45 -0.310403 2.7212362934
20 46 -0.300084 2.7212362934
20 47 -0.289762 2.7212362934
20 48 -0.279437 2.7212362934
20 49 -0.269108 2.7212362934
20 50 -0.258773 2.7212362934
20 51 -0.248433 2.7212362934
20 52 -0.238085 2.7212362934
20 53 -0.227728 2.7212362934
20 54 -0.217360 2.7212362934
20 55 -0.206979 2.7212362934
20 56 -0.196580 2.7212362934
20 57 -0.186162 2.7212362934
20 58 -0.175718 2.7212362934
20 59 -0.165244 2.7212362934
20 60 -0.154732 2.7212362934
20 61 -0.144174 2.7212362934
20 62 -0.133559 2.7212362934
20 63 -0.122874 2.7212362934
20 64 -0.112101 2.7212362934
20 65 -0.101219 2.7212362934
20 66 -0.090202 2.7212362934
20 67 -0.079013 2.7212362934
20 68 -0.067609 2.7212362934
20 69 -0.055927 2.7212362934
20 70 -0.043888 2.7212362934
20 71 -0.031378 2.7212362934
20 72 -0.018235 2.7212362934
20 73 -0.004218 2.7212362934
20 74 0.011063 2.7212362934
20 75 0.028303 2.7212362934
20 76 0.049035 2.7212362934
20 77 0.077778 2.7212362934
20 78 0.127298 2.7212362934
20 79 0.203074 2.7212362934
20 80 0.206134 2.7212362934
20 81 -0.094896 2.7212362934
20 82 -1.002927 2.7212362934
20 83 -3.080078 2.7212362934
20 84 -7.475557 2.7212362934
20 85 -14.000000 2.7212362934
20 86 -14.000000 2.7212362934
20 87 -14.000000 2.7212362934
20 88 -14.000000 2.7212362934
30 30 -0.465060 2.7662719335
30 31 -0.454753 2.7662719335
30 32 -0.444446 2.7662719335
30 33 -0.434139 2.7662719335
30 34 -0.423832 2.7662719335
30 35 -0.413526 2.7662719335
30 36 -0.403219 2.7662719335
30 37 -0.392912 2.7662719335
30 38 -0.382605 2.7662719335
30 39 -0.372298 2.7662719335
30 40 -0.361990 2.7662719335
30 41 -0.351683 2.7662719335
30 42 -0.341376 2.7662719335
30 43 -0.331068 2.7662719335
30 44 -0.320760 2.7662719335
30 45 -0.310452 2.7662719335
30 46 -0.300144 2.7662719335
30 47 -0.289835 2.7662719335
30 48 -0.279526 2.7662719335
30 49 -0.269216 2.7662719335
30 50 -0.258905 2.7662719335
30 51 -0.248594 2.7662719335
30 52 -0.238282 2.7662719335
30 53 -0.227968 2.7662719335
30 54 -0.217653 2.7662719335
30 55 -0.207336 2.7662719335
30 56 -0.197017 2.7662719335
30 57 -0.186695 2.7662719335
30 58 -0.176370 2.7662719335
30 59 -0.166041 2.7662719335
30 60 -0.155707 2.7662719335
30 61 -0.145366 2.7662719335
30 62 -0.135018 2.7662719335
30 63 -0.124661 2.7662719335
30 64 -0.114293 2.7662719335
30 65 -0.103912 2.7662719335
30 66 -0.093514 2.7662719335
30 67 -0.083095 2.7662719335
30 68 -0.072651 2.7662719335
30 69 -0.062177 2.7662719335
30 70 -0.051665 2.7662719335
30 71 -0.041107 2.7662719335
30 72 -0.030492 2.7662719335
30 73 -0.019807 2.7662719335
30 74 -0.009034 2.7662719335
30 75 0.001848 2.7662719335
30 76 0.012865 2.7662719335
30 77 0.024053 2.7662719335
30 78 0.035458 2.7662719335
30 79 0.047139 2.7662719335
30 80 0.059179 2.7662719335
30 81 0.071689 2.7662719335
30 82 0.084832 2.7662719335
30 83 0.098849 2.7662719335
30 84 0.114130 2.7662719335
30 85 0.131370 2.7662719335
30 86 0.152102 2.7662719335
30 87 0.180845 2.7662719335
30 88 0.230365 2.7662719335
30 89 0.306141 2.7662719335
30 90 0.309200 2.7662719335
30 91 0.008170 2.7662719335
30 92 -0.899860 2.7662719335
30 93 -2.977011 2.7662719335
30 94 -7.372490 2.7662719335
30 95 -14.000000 2.7662719335
30 96 -14.000000 2.7662719335
30 97 -14.000000 2.7662719335
30 98 -14.000000 2.7662719335
40 40 -0.361993 2.7724502079
40 41 -0.351686 2.7724502079
40 42 -0.341379 2.7724502079
40 43 -0.331072 2.7724502079
40 44 -0.320766 2.7724502079
40 45 -0.310459 2.7724502079
40 46 -0.300152 2.7724502079
40 47 -0.289845 2.7724502079
40 48 -0.279538 2.7724502079
40 49 -0.269231 2.7724502079
40 50 -0.258924 2.7724502079
40 51 -0.248616 2.7724502079
40 52 -0.238309 2.7724502079
40 53 -0.228001 2.7724502079
40 54 -0.217693 2.7724502079
40 55 -0.207385 2.7724502079
40 56 -0.197077 2.7724502079
40 57 -0.186768 2.7724502079
40 58 -0.176459 2.7724502079
40 59 -0.166149 2.7724502079
40 60 -0.155839 2.7724502079
40 61 -0.145527 2.7724502079
40 62 -0.135215 2.7724502079
40 63 -0.124902 2.7724502079
40 64 -0.114586 2.7724502079
40 65 -0.104270 2.7724502079
40 66 -0.093950 2.7724502079
40 67 -0.083629 2.7724502079
40 68 -0.073303 2.7724502079
40 69 -0.062974 2.7724502079
40 70 -0.052640 2.7724502079
40 71 -0.042299 2.7724502079
40 72 -0.031952 2.7724502079
40 73 -0.021595 2.7724502079
40 74 -0.011227 2.7724502079
40 75 -0.000845 2.7724502079
40 76 0.009553 2.7724502079
40 77 0.019972 2.7724502079
40 78 0.030415 2.7724502079
40 79 0.040890 2.7724502079
40 80 0.051401 2.7724502079
40 81 0.061959 2.7724502079
40 82 0.072574 2.7724502079
40 83 0.083260 2.7724502079
40 84 0.094033 2.7724502079
40 85 0.104914 2.7724502079
40 86 0.115932 2.7724502079
40 87 0.127120 2.7724502079
40 88 0.138525 2.7724502079
40 89 0.150206 2.7724502079
40 90 0.162246 2.7724502079
40 91 0.174756 2.7724502079
40 92 0.187898 2.7724502079
40 93 0.201916 2.7724502079
40 94 0.217197 2.7724502079
40 95 0.234437 2.7724502079
40 96 0.255169 2.7724502079
40 97 0.283912 2.7724502079
40 98 0.333432 2.7724502079
40 99 0.409208 2.7724502079
40 100 0.412267 2.7724502079
40 101 0.111237 2.7724502079
40 102 -0.796793 2.7724502079
40 103 -2.873945 2.7724502079
40 104 -7.269423 2.7724502079
40 105 -14.000000 2.7724502079
40 106 -14.000000 2.7724502079
40 107 -14.000000 2.7724502079
40 108 -14.000000 2.7724502079
50 50 -0.258926 2.7732977828
50 51 -0.248619 2.7732977828
50 52 -0.238312 2.7732977828
50 53 -0.228006 2.7732977828
50 54 -0.217699 2.7732977828
50 55 -0.207392 2.7732977828
50 56 -0.197085 2.7732977828
50 57 -0.186778 2.7732977828
50 58 -0.176471 2.7732977828
50 59 -0.166164 2.7732977828
50 60 -0.155857 2.7732977828
50 61 -0.145549 2.7732977828
50 62 -0.135242 2.7732977828
50 63 -0.124934 2.7732977828
50 64 -0.114627 2.7732977828
50 65 -0.104318 2.7732977828
50 66 -0.094010 2.7732977828
50 67 -0.083701 2.7732977828
50 68 -0.073392 2.7732977828
50 69 -0.063082 2.7732977828
50 70 -0.052772 2.7732977828
50 71 -0.042461 2.7732977828
50 72 -0.032148 2.7732977828
50 73 -0.021835 2.7732977828
50 74 -0.011520 2.7732977828
50 75 -0.001203 2.7732977828
50 76 0.009116 2.7732977828
50 77 0.019438 2.7732977828
50 78 0.029763 2.7732977828
50 79 0.040093 2.7732977828
50 80 0.050427 2.7732977828
50 81 0.060767 2.7732977828
50 82 0.071115 2.7732977828
50 83 0.081472 2.7732977828
50 84 0.091840 2.7732977828
50 85 0.102222 2.7732977828
50 86 0.112620 2.7732977828
50 87 0.123039 2.7732977828
50 88 0.133482 2.7732977828
50 89 0.143956 2.7732977828
50 90 0.154468 2.7732977828
50 91 0.165026 2.7732977828
50 92 0.175641 2.7732977828
50 93 0.186327 2.7732977828
50 94 0.197100 2.7732977828
50 95 0.207981 2.7732977828
50 96 0.218999 2.7732977828
50 97 0.230187 2.7732977828
50 98 0.241592 2.7732977828
50 99 0.253273 2.7732977828
50 100 0.265312 2.7732977828
50 101 0.277822 2.7732977828
50 102 0.290965 2.7732977828
50 103 0.304983 2.7732977828
50 104 0.320264 2.7732977828
50 105 0.337503 2.7732977828
50 106 0.358235 2.7732977828
50 107 0.386979 2.7732977828
50 108 0.436499 2.7732977828
50 109 0.512275 2.7732977828
50 110 0.515334 2.7732977828
50 111 0.214304 2.7732977828
50 112 -0.693727 2.7732977828
50 113 -2.770878 2.7732977828
50 114 -7.166356 2.7732977828
50 115 -14.000000 2.7732977828
50 116 -14.000000 2.7732977828
50 117 -14.000000 2.7732977828
50 118 -14.000000 2.7732977828
60 60 -0.155859 2.7734140585
60 61 -0.145552 2.7734140585
60 62 -0.135246 2.7734140585
60 63 -0.124939 2.7734140585
60 64 -0.114632 2.7734140585
60 65 -0.104325 2.7734140585
60 66 -0.094018 2.7734140585
60 67 -0.083711 2.7734140585
60 68 -0.073404 2.7734140585
60 69 -0.063097 2.7734140585
60 70 -0.052790 2.7734140585
60 71 -0.042483 2.7734140585
60 72 -0.032175 2.7734140585
60 73 -0.021868 2.7734140585
60 74 -0.011560 2.7734140585
60 75 -0.001252 2.7734140585
60 76 0.009057 2.7734140585
60 77 0.019365 2.7734140585
60 78 0.029675 2.7734140585
60 79 0.039984 2.7734140585
60 80 0.050295 2.7734140585
60 81 0.060606 2.7734140585
60 82 0.070919 2.7734140585
60 83 0.081232 2.7734140585
60 84 0.091547 2.7734140585
60 85 0.101864 2.7734140585
60 86 0.112183 2.7734140585
60 87 0.122505 2.7734140585
60 88 0.132830 2.7734140585
60 89 0.143160 2.7734140585
60 90 0.153494 2.7734140585
60 91 0.163834 2.7734140585
60 92 0.174182 2.7734140585
60 93 0.184539 2.7734140585
60 94 0.194907 2.7734140585
60 95 0.205289 2.7734140585
60 96 0.215687 2.7734140585
60 97 0.226105 2.7734140585
60 98 0.236549 2.7734140585
60 99 0.247023 2.7734140585
60 100 0.257535 2.7734140585
60 101 0.268093 2.7734140585
60 102 0.278708 2.7734140585
60 103 0.289394 2.7734140585
60 104 0.300166 2.7734140585
60 105 0.311048 2.7734140585
60 106 0.322066 2.7734140585
60 107 0.333254 2.7734140585
60 108 0.344658 2.7734140585
60 109 0.356340 2.7734140585
60 110 0.368379 2.7734140585
60 111 0.380889 2.7734140585
60 112 0.394032 2.7734140585
60 113 0.408050 2.7734140585
60 114 0.423331 2.7734140585
60 115 0.440570 2.7734140585
60 116 0.461302 2.7734140585
60 117 0.490045 2.7734140585
60 118 0.539566 2.7734140585
60 119 0.615342 2.7734140585
60 120 0.618401 2.7734140585
60 121 0.317371 2.7734140585
60 122 -0.590660 2.7734140585
60 123 -2.667811 2.7734140585
60 124 -7.063290 2.7734140585
60 125 -14.000000 2.7734140585
60 126 -14.000000 2.7734140585
60 127 -14.000000 2.7734140585
60 128 -14.000000 2.7734140585
70 70 -0.052792 2.7734300099
70 71 -0.042486 2.7734300099
70 72 -0.032179 2.7734300099
70 73 -0.021872 2.7734300099
70 74 -0.011565 2.7734300099
70 75 -0.001258 2.7734300099
70 76 0.009049 2.7734300099
70 77 0.019356 2.7734300099
70 78 0.029663 2.7734300099
70 79 0.039970 2.7734300099
70 80 0.050277 2.7734300099
70 81 0.060584 2.7734300099
70 82 0.070892 2.7734300099
70 83 0.081199 2.7734300099
70 84 0.091507 2.7734300099
70 85 0.101815 2.7734300099
70 86 0.112124 2.7734300099
70 87 0.122432 2.7734300099
70 88 0.132742 2.7734300099
70 89 0.143051 2.7734300099
70 90 0.153362 2.7734300099
70 91 0.163673 2.7734300099
70 92 0.173985 2.7734300099
70 93 0.184299 2.7734300099
70 94 0.194614 2.7734300099
70 95 0.204931 2.7734300099
70 96 0.215250 2.7734300099
70 97 0.225572 2.7734300099
70 98 0.235897 2.7734300099
70 99 0.246226 2.7734300099
70 100 0.256561 2.7734300099
70 101 0.266901 2.7734300099
70 102 0.277249 2.7734300099
70 103 0.287606 2.7734300099
70 104 0.297974 2.7734300099
70 105 0.308355 2.7734300099
70 106 0.318754 2.7734300099
70 107 0.329172 2.7734300099
70 108 0.339616 2.7734300099
70 109 0.350090 2.7734300099
70 110 0.360602 2.7734300099
70 111 0.371160 2.7734300099
70 112 0.381775 2.7734300099
70 113 0.392460 2.7734300099
70 114 0.403233 2.7734300099
70 115 0.414115 2.7734300099
70 116 0.425132 2.7734300099
70 117 0.436321 2.7734300099
70 118 0.447725 2.7734300099
70 119 0.459407 2.7734300099
70 120 0.471446 2.7734300099
70 121 0.483956 2.7734300099
70 122 0.497099 2.7734300099
70 123 0.511116 2.7734300099
70 124 0.526397 2.7734300099
70 125 0.543637 2.7734300099
70 126 0.564369 2.7734300099
70 127 0.593112 2.7734300099
70 128 0.642632 2.7734300099
70 129 0.718408 2.7734300099
70 130 0.721468 2.7734300099
70 131 0.420438 2.7734300099
70 132 -0.487593 2.7734300099
70 133 -2.564744 2.7734300099
70 134 -6.960223 2.7734300099
70 135 -14.000000 2.7734300099
70 136 -14.000000 2.7734300099
70 137 -14.000000 2.7734300099
70 138 -14.000000 2.7734300099
80 80 0.050274 2.7734321982
80 81 0.060581 2.7734321982
80 82 0.070888 2.7734321982
80 83 0.081195 2.7734321982
80 84 0.091502 2.7734321982
80 85 0.101808 2.7734321982
80 86 0.112115 2.7734321982
80 87 0.122422 2.7734321982
80 88 0.132729 2.7734321982
80 89 0.143036 2.7734321982
80 90 0.153344 2.7734321982
80 91 0.163651 2.7734321982
80 92 0.173958 2.7734321982
80 93 0.184266 2.7734321982
80 94 0.194574 2.7734321982
80 95 0.204882 2.7734321982
80 96 0.215190 2.7734321982
80 97 0.225499 2.7734321982
80 98 0.235808 2.7734321982
80 99 0.246118 2.7734321982
80 100 0.256429 2.7734321982
80 101 0.266740 2.7734321982
80 102 0.277052 2.7734321982
80 103 0.287366 2.7734321982
80 104 0.297681 2.7734321982
80 105 0.307998 2.7734321982
80 106 0.318317 2.7734321982
80 107 0.328639 2.7734321982
80 108 0.338964 2.7734321982
80 109 0.349293 2.7734321982
80 110 0.359627 2.7734321982
80 111 0.369968 2.7734321982
80 112 0.380316 2.7734321982
80 113 0.390673 2.7734321982
80 114 0.401041 2.7734321982
80 115 0.411422 2.7734321982
80 116 0.421820 2.7734321982
80 117 0.432239 2.7734321982
80 118 0.442683 2.7734321982
80 119 0.453157 2.7734321982
80 120 0.463669 2.7734321982
80 121 0.474227 2.7734321982
80 122 0.484842 2.7734321982
80 123 0.495527 2.7734321982
80 124 0.506300 2.7734321982
80 125 0.517182 2.7734321982
80 126 0.528199 2.7734321982
80 127 0.539387 2.7734321982
80 128 0.550792 2.7734321982
80 129 0.562473 2.7734321982
80 130 0.574513 2.7734321982
80 131 0.587023 2.7734321982
80 132 0.600166 2.7734321982
80 133 0.614183 2.7734321982
80 134 0.629464 2.7734321982
80 135 0.646704 2.7734321982
80 136 0.667436 2.7734321982
80 137 0.696179 2.7734321982
80 138 0.745699 2.7734321982
80 139 0.821475 2.7734321982
80 140 0.824534 2.7734321982
80 141 0.523504 2.7734321982
80 142 -0.384526 2.7734321982
80 143 -2.461678 2.7734321982
80 144 -6.857156 2.7734321982
80 145 -14.000000 2.7734321982
80 146 -14.000000 2.7734321982
80 147 -14.000000 2.7734321982
80 148 -14.000000 2.7734321982
90 90 0.153341 2.7734324984
90 91 0.163648 2.7734324984
90 92 0.173955 2.7734324984
90 93 0.184262 2.7734324984
90 94 0.194568 2.7734324984
90 95 0.204875 2.7734324984
90 96 0.215182 2.7734324984
90 97 0.225489 2.7734324984
90 98 0.235796 2.7734324984
90 99 0.246103 2.7734324984
90 100 0.256410 2.7734324984
90 101 0.266718 2.7734324984
90 102 0.277025 2.7734324984
90 103 0.287333 2.7734324984
90 104 0.297641 2.7734324984
90 105 0.307949 2.7734324984
90 106 0.318257 2.7734324984
90 107 0.328566 2.7734324984
90 108 0.338875 2.7734324984
90 109 0.349185 2.7734324984
90 110 0.359495 2.7734324984
90 111 0.369807 2.7734324984
90 112 0.380119 2.7734324984
90 113 0.390432 2.7734324984
90 114 0.400748 2.7734324984
90 115 0.411064 2.7734324984
90 116 0.421384 2.7734324984
90 117 0.431705 2.7734324984
90 118 0.442031 2.7734324984
90 119 0.452360 2.7734324984
90 120 0.462694 2.7734324984
90 121 0.473035 2.7734324984
90 122 0.483382 2.7734324984
90 123 0.493739 2.7734324984
90 124 0.504107 2.7734324984
90 125 0.514489 2.7734324984
90 126 0.524887 2.7734324984
90 127 0.535306 2.7734324984
90 128 0.545749 2.7734324984
90 129 0.556224 2.7734324984
90 130 0.566735 2.7734324984
90 131 0.577293 2.7734324984
90 132 0.587908 2.7734324984
90 133 0.598594 2.7734324984
90 134 0.609367 2.7734324984
90 135 0.620248 2.7734324984
90 136 0.631266 2.7734324984
90 137 0.642454 2.7734324984
90 138 0.653859 2.7734324984
90 139 0.665540 2.7734324984
90 140 0.677579 2.7734324984
90 141 0.690090 2.7734324984
90 142 0.703232 2.7734324984
90 143 0.717250 2.7734324984
90 144 0.732531 2.7734324984
90 145 0.749771 2.7734324984
90 146 0.770503 2.7734324984
90 147 0.799246 2.7734324984
90 148 0.848766 2.7734324984
90 149 0.924542 2.7734324984
90 150 0.927601 2.7734324984
90 151 0.626571 2.7734324984
90 152 -0.281459 2.7734324984
90 153 -2.358611 2.7734324984
90 154 -6.754089 2.7734324984
90 155 -14.000000 2.7734324984
90 156 -14.000000 2.7734324984
90 157 -14.000000 2.7734324984
90 158 -14.000000 2.7734324984
100 100 0.256408 2.7734325396
100 101 0.266715 2.7734325396
100 102 0.277022 2.7734325396
100 103 0.287328 2.7734325396
100 104 0.297635 2.7734325396
100 105 0.307942 2.7734325396
100 106 0.318249 2.7734325396
100 107 0.328556 2.7734325396
100 108 0.338863 2.7734325396
100 109 0.349170 2.7734325396
100 110 0.359477 2.7734325396
100 111 0.369785 2.7734325396
100 112 0.380092 2.7734325396
100 113 0.390400 2.7734325396
100 114 0.400707 2.7734325396
100 115 0.411016 2.7734325396
100 116 0.421324 2.7734325396
100 117 0.431633 2.7734325396
100 118 0.441942 2.7734325396
100 119 0.452252 2.7734325396
100 120 0.462562 2.7734325396
100 121 0.472873 2.7734325396
100 122 0.483186 2.7734325396
100 123 0.493499 2.7734325396
100 124 0.503814 2.7734325396
100 125 0.514131 2.7734325396
100 126 0.524450 2.7734325396
100 127 0.534772 2.7734325396
100 128 0.545097 2.7734325396
100 129 0.555427 2.7734325396
100 130 0.565761 2.7734325396
100 131 0.576101 2.7734325396
100 132 0.586449 2.7734325396
100 133 0.596806 2.7734325396
100 134 0.607174 2.7734325396
100 135 0.617556 2.7734325396
100 136 0.627954 2.7734325396
100 137 0.638373 2.7734325396
100 138 0.648816 2.7734325396
100 139 0.659290 2.7734325396
100 140 0.669802 2.7734325396
100 141 0.680360 2.7734325396
100 142 0.690975 2.7734325396
100 143 0.701661 2.7734325396
100 144 0.712434 2.7734325396
100 145 0.723315 2.7734325396
100 146 0.734333 2.7734325396
100 147 0.745521 2.7734325396
100 148 0.756926 2.7734325396
100 149 0.768607 2.7734325396
100 150 0.780646 2.7734325396
100 151 0.793156 2.7734325396
100 152 0.806299 2.7734325396
100 153 0.820317 2.7734325396
100 154 0.835598 2.7734325396
100 155 0.852837 2.7734325396
100 156 0.873569 2.7734325396
100 157 0.902313 2.7734325396
100 158 0.951833 2.7734325396
100 159 1.027609 2.7734325396
100 160 1.030668 2.7734325396
100 161 0.729638 2.7734325396
100 162 -0.178393 2.7734325396
100 163 -2.255544 2.7734325396
100 164 -6.651023 2.7734325396
100 165 -14.000000 2.7734325396
100 166 -14.000000 2.7734325396
100 167 -14.000000 2.7734325396
100 168 -14.000000 2.7734325396
