-60 0.16816670973609577 0.16816670973592676 0.16816670973625608
-59 0.17220541076156076 0.17220541076138937 0.17220541076172657
-58 0.17634111319150889 0.17634111319133458 0.1763411131916798
-57 0.1805761487309577 0.18057614873078107 0.18057614873113462
-56 0.18491290561292431 0.18491290561274332 0.18491290561310533
-55 0.18935383008931397 0.18935383008912887 0.18935383008949952
-54 0.19390142798954152 0.19390142798935392 0.19390142798973353
-53 0.19855826635774107 0.19855826635754753 0.19855826635793622
-52 0.20332697518070883 0.20332697518051115 0.20332697518090917
-51 0.20821024922159484 0.20821024922139314 0.20821024922180073
-50 0.21321084997785877 0.21321084997765172 0.21321084997806905
-49 0.21833160778650282 0.21833160778629138 0.21833160778671873
-48 0.22357542410511183 0.2235754241048952 0.22357542410533277
-47 0.22894527400414874 0.22894527400392681 0.22894527400437495
-46 0.23444420891463577 0.23444420891440937 0.23444420891486825
-45 0.2400753596861479 0.24007535968591462 0.24007535968638449
-44 0.24584194002358312 0.24584194002334456 0.24584194002382609
-43 0.25174725038811796 0.25174725038787438 0.25174725038836748
-42 0.25779468246890064 0.25779468246865039 0.25779468246915532
-41 0.26398772435860834 0.26398772435835272 0.26398772435886975
-40 0.27032996659921471 0.27032996659895275 0.27032996659948233
-39 0.27682510930598719 0.27682510930571785 0.27682510930626003
-38 0.28347697063008631 0.28347697062981209 0.28347697063036725
-37 0.29028949688586075 0.29028949688557948 0.29028949688614797
-36 0.29726677475164021 0.29726677475135249 0.29726677475193464
-35 0.30441304605710967 0.30441304605681407 0.30441304605741021
-34 0.31173272580190525 0.31173272580160361 0.31173272580221412
-33 0.31923042421667369 0.31923042421636472 0.31923042421698999
-32 0.32691097388914647 0.32691097388882984 0.32691097388947005
-31 0.33477946324690266 0.33477946324657837 0.33477946324723412
-30 0.34284127803237563 0.3428412780320424 0.34284127803271397
-29 0.35110215284728885 0.35110215284694868 0.35110215284763646
-28 0.3595682354138719 0.35956823541352295 0.35956823541422733
-27 0.36824616694104312 0.36824616694068596 0.36824616694140738
-26 0.37714318295366284 0.37714318295329752 0.37714318295403676
-25 0.3862672402235941 0.38626724022321973 0.38626724022397679
-24 0.39562717714924112 0.39562717714885776 0.39562717714963341
-23 0.40523291723365495 0.40523291723326144 0.40523291723405624
-22 0.41509572845759946 0.41509572845719633 0.4150957284580104
-21 0.42522855570315538 0.42522855570274248 0.42522855570357693
-20 0.43564644951911086 0.43564644951868758 0.43564644951954307
-19 0.44636712330760686 0.44636712330717321 0.44636712330805045
-18 0.45741168384289016 0.45741168384244507 0.45741168384334474
-17 0.46880559916716341 0.46880559916670678 0.46880559916762987
-16 0.48057999711162563 0.4805799971111564 0.48057999711210381
-15 0.49277343342086305 0.49277343342038238 0.4927734334213561
-14 0.50543434214848026 0.50543434214798444 0.50543434214898508
-13 0.51862450362735868 0.51862450362684964 0.51862450362787915
-12 0.53242407706224948 0.53242407706172501 0.53242407706278472
-11 0.54693912633663588 0.54693912633609554 0.54693912633718778
-10 0.56231329070956804 0.56231329070900915 0.56231329071013769
-9 0.5787467087537308 0.57874670875315337 0.57874670875432066
-8 0.59652847206197845 0.59652847206137827 0.59652847206259052
-7 0.61609652022217087 0.61609652022154526 0.61609652022280892
-6 0.63816042958775987 0.63816042958710373 0.63816042958842878
-5 0.66400207247045229 0.66400207246975651 0.66400207247116005
-4 0.69646836319782379 0.69646836319707284 0.69646836319858685
-3 0.7441229958301756 0.74412299582932717 0.74412299583103392
-2 0.83399765146222393 0.83399765146117943 0.83399765146327143
-1 0.99298087845668548 0.99298087845542193 0.99298087845796534
0 1 1 1
1 0.5 0.5 0.5
2 0.061793031897867425 0.061793031897559726 0.061793031898177017
3 0.0005173543931752076 0.00051735439317019804 0.00051735439318014115
4 2.081179607388796e-08 2.0811796073518082e-08 2.0811796074449242e-08
5 1.9707929127159509e-17 1.9707923179042736e-17 1.9707985324233249e-17
6 0 0 0
