# k center radius Phi_lo Phi_hi ratio
-60 0.16816670973609577 0.0017497854218590152 0.16659199279298459 0.16974142719386917 0.89994889550536272
-59 0.17220541076156076 0.0016124976761582124 0.17075425291222987 0.17365656908517357 0.89994444337445911
-58 0.17634111319150889 0.0014859695106442712 0.17500383067047764 0.17767839614960579 0.89993970166796855
-57 0.1805761487309577 0.0013693573696435858 0.17934381711760239 0.18180848074708064 0.89993455575712022
-56 0.18491290561292431 0.0012618838022271095 0.18377730019234098 0.18604851140466144 0.89992897106127501
-55 0.18935383008931397 0.0011628322783997632 0.18830737102349174 0.19040028949715435 0.89992291001799674
-54 0.19390142798954152 0.001071542411326266 0.19293712978852567 0.19486572650572656 0.89991633181510111
-53 0.19855826635774107 0.00098740555376861236 0.19766969131399706 0.19944684169190274 0.8999091920946406
-52 0.20332697518070883 0.00090986073936671213 0.20250819045634941 0.20414576017267738 0.89990144265203553
-51 0.20821024922159484 0.0008383909416917355 0.20745578730244174 0.20896471138733599 0.89989303107065233
-50 0.21321084997785877 0.00077251962611924916 0.21251567223082504 0.21390602795210367 0.89988390034454335
-49 0.21833160778650282 0.00071180757152039759 0.21769107087745621 0.21897214490490335 0.89987398846063094
-48 0.22357542410511183 0.00065584994056724162 0.22298524905345518 0.22416559934966224 0.89986322792065243
-47 0.22894527400414874 0.00060427357910495779 0.22840151766797162 0.22948903051804836 0.89985154523060362
-46 0.23444420891463577 0.00055673452657007273 0.23394323771648698 0.23494518027652522 0.89983886031971771
-45 0.2400753596861479 0.00051291572084053295 0.23961382540443837 0.24053689411870599 0.89982508588692411
-44 0.24584194002358312 0.00047252488219978923 0.24541675748843239 0.24626712269770251 0.89981012669640326
-43 0.25174725038811796 0.00043529256229206219 0.25135557693312782 0.25213892397112636 0.89979387873299999
-42 0.25779468246890064 0.00040097034504789255 0.25743389900210084 0.25815546605362127 0.89977622828327586
-41 0.26398772435860834 0.00036932918757579078 0.26365541792660468 0.2643200308992269 0.89975705088393831
-40 0.27032996659921471 0.00034015788995471675 0.27002391432851397 0.27063601896994949 0.89973621007444604
-39 0.27682510930598719 0.00031326168373042266 0.27654326361468268 0.27710695508941202 0.899713555991004
-38 0.28347697063008631 0.00028846092972339976 0.28321744561151779 0.28373649573348325 0.89968892371592413
-37 0.29028949688586075 0.00026558991650433634 0.2900505557736347 0.29052843807618695 0.89966213127029826
-36 0.29726677475164021 0.0002444957515918665 0.29704681838258767 0.29748673119258873 0.89963297732752201
-35 0.30441304605710967 0.00022503733808472252 0.30421060225526353 0.30461548992512633 0.89960123835289352
-34 0.31173272580190525 0.00020708443006465138 0.31154643961262513 0.31191901205207728 0.89956666521897133
-33 0.31923042421667369 0.00019051676070728945 0.31905904892545967 0.31940179956390641 0.89952897895433892
-32 0.32691097388914647 0.00017522323762684148 0.32675336276465361 0.32706858506515901 0.89948786557746063
-31 0.33477946324690266 0.00016110120057032698 0.33463456195202695 0.33492436458914421 0.89944296956550862
-30 0.34284127803237563 0.00014805573718461291 0.34270811765114906 0.34297443845712866 0.89939388560803879
-29 0.35110215284728885 0.00013599905322428922 0.35097984347859451 0.35122446225596549 0.89934014816208252
-28 0.3595682354138719 0.00012484989427479179 0.35945596028559784 0.35968051057884781 0.8992812178823455
-27 0.36824616694104312 0.00011453301686198358 0.36814317700025201 0.36834915691550196 0.89921646421792389
-26 0.37714318295366284 0.00010497870774049345 0.37704879188939422 0.37723757404879033 0.89914514246853283
-25 0.3862672402235941 9.6122351236224769e-05 0.38618081987906211 0.38635366059637954 0.89906636358762571
-24 0.39562717714924112 8.790404580227387e-05 0.39554815327913584 0.39570620104518306 0.89897905404371037
-23 0.40523291723365495 8.0268272465275329e-05 0.40516076555983838 0.40530506893106094 0.89888190177756688
-22 0.41509572845759946 7.3163619606429726e-05 0.41502997097250449 0.41516148596419405 0.89877328306513093
-21 0.42522855570315538 6.6542570514448686e-05 0.42516875716438113 0.42528835426148254 0.89865116217861996
-20 0.43564644951911086 6.036136226787786e-05 0.43559221407102439 0.43570068498493231 0.89851295238763551
-19 0.44636712330760686 5.4579926523142043e-05 0.44631809115623211 0.44641615547501695 0.89835532096768989
-18 0.45741168384289016 4.9161924262546082e-05 0.45736752789951335 0.45745583980070814 0.89817391162660198
-17 0.46880559916716341 4.4074886733336347e-05 0.46876602156508423 0.46884517678218773 0.89796294347337047
-16 0.48057999711162563 3.9290472473696531e-05 0.48054472549156352 0.48061526874322463 0.89771462083108622
-15 0.49277343342086305 3.4784843689114507e-05 0.49274221687760428 0.49280464997433687 0.89741824780979962
-14 0.50543434214848026 3.0539151910021759e-05 0.50540694674039044 0.50546173756455892 0.89705883645272533
-13 0.51862450362735868 2.6540099985041934e-05 0.51860070738006703 0.51864829987936589 0.89661500976352293
-12 0.53242407706224948 2.2780512389603771e-05 0.53240366445855536 0.53244448966655988 0.89605553910720215
-11 0.54693912633663588 1.9259797678869816e-05 0.54692188239556772 0.5469563702777156 0.89533344883642452
-10 0.56231329070956804 1.5984134884956176e-05 0.56229899488556367 0.56232758653358317 0.8943758369172824
-9 0.5787467087537308 1.296611727593322e-05 0.57873512916594516 0.57875828834152887 0.89306517530617913
-8 0.59652847206197845 1.0223650938672166e-05 0.59651936071322753 0.59653758341074126 0.89120303670949441
-7 0.61609652022217087 7.7778779206745686e-06 0.61608961008652785 0.61610343035782633 0.88843457379164414
-6 0.63816042958775987 5.6505071439311261e-06 0.63815543410053777 0.63816542507499474 0.88407767791897318
-5 0.66400207247045229 3.8758537673843117e-06 0.6639986741827818 0.66400547075813476 0.87678428713530543
-4 0.69646836319782379 2.4341251112037197e-06 0.69646626247415655 0.69647046392150314 0.86303028125974424
-3 0.7441229958301756 1.3332549240525764e-06 0.74412188589474038 0.74412410576562071 0.83250054065851731
-2 0.83399765146222393 5.6797764911843493e-07 0.83399723027883121 0.83399807264561965 0.7415492429490026
-1 0.99298087845668548 2.475045927423753e-07 0.99298074569987183 0.99298101121351545 0.53638127883867825
2 0.061793031897867425 1.5323214495382365e-08 0.061793027106498345 0.061793036689238398 0.31268706543480457
3 0.0005173543931752076 2.4914274375504986e-10 0.00051735425893892871 0.00051735452741141048 0.53879264899261137
4 2.081179607388796e-08 2.4686981417483468e-14 2.0811782854988891e-08 2.0811809292978433e-08 0.53546807723992651
5 1.9707929127159509e-17 1.0108810106275507e-18 1.9698130265594062e-17 1.9717778237681923e-17 0.009743095793539918
6 0 9.9999999999999995e-21 -0 1.0659416309986875e-31 1.0659416309986876e-11
G 1.0240156836216772 1.0240160183051641
returnTime 0.4996512083222126 0.49965125115794989 sEnd 0.51965125115794997
epsFactor 0.99970607496004149
