5.4119874546281203e-06 0.976544546025789 -2.7709824366365872e-06 4.7952856739472049e-12 -6.7479669945553311e-18 8.6868378139372227e-24 -1.0912129902659068e-29 1.3933017875494197e-35 -1.8599583250854347e-41 2.6499548838667745e-47 -4.0934593652937274e-53 6.9415790732266704e-59 0 0 0 0 0 0 0 0 0 0 0 0 0 1.4585192057487051e-62 4.861730685829017e-63 0 9.7234613716580339e-63 0 4.861730685829017e-63 0 4.861730685829017e-63 0 -2.0419268880481871e-61 -1.1473441332022189e-57 -5.1289141111461302e-54 -1.8066410119024034e-50 -5.0062187399343237e-47 -1.0893018019345614e-43 -1.8574685943958595e-40 -2.4767288211362807e-37 -2.5761383431522549e-34 -2.084628632114552e-31 -1.3084505065063421e-28 -6.3488639504103682e-26 -2.3724438107051905e-23 -6.7979686074647627e-21 -1.4862385742257656e-18 -2.4650266984251928e-16 -3.0806495166910904e-14 -2.8777909663700676e-12 -1.9900070301523288e-10 -1.0065445780569767e-08 -3.668073746389152e-07 -9.4434753979824895e-06 -0.00016722755472625383 -0.0019594238885590758 -0.014267699831463899 -0.057342752539601208 -0.098301493108727669 -0.015981433654613176 0.1384643704302308 -0.019488712817325633 8.0131987417626595e-05 -6.9763589870832037e-10 6.9376323975180037e-20
1.8291987529419486e-11 6.6012473116447926e-06 0.97654392248511557 -3.3798892954675785e-06 7.1343134230660518e-12 -1.2245588697930639e-17 1.9228148928784412e-23 -2.9461467101419155e-29 4.5883776489194267e-35 -7.4711308635345919e-41 1.2983471852430851e-46 -2.446313718385059e-52 5.059943445890266e-58 0 0 0 0 0 0 0 0 0 0 0 0 9.7234613716580339e-63 4.861730685829017e-63 0 4.861730685829017e-63 0 9.7234613716580339e-63 0 9.7234613716580339e-63 0 -2.0905441949064773e-61 -1.1748955609988119e-57 -5.2520905454490314e-54 -1.8500294548380028e-50 -5.1264485108256469e-47 -1.1154625655980767e-43 -1.9020777160455592e-40 -2.5362101479389565e-37 -2.6380070968751835e-34 -2.1346932471074897e-31 -1.3398743626301656e-28 -6.5013387930966667e-26 -2.4294206171322457e-23 -6.9612291804719977e-21 -1.5219322014411865e-18 -2.5242269801998918e-16 -3.154634644506591e-14 -2.9469042249894433e-12 -2.0377991970055609e-10 -1.0307178315843314e-08 -3.7561664885698716e-07 -9.6702706162926318e-06 -0.00017124370392460734 -0.0020064815494705546 -0.014610353828203857 -0.058719899182288302 -0.1006623044785899 -0.016365236421055068 0.1417897505392251 -0.019956757091662527 8.2056452235369719e-05 -7.1439045972967451e-10 7.1042479776651612e-20
5.0273909637460741e-17 2.7214411017316964e-11 8.05183202548349e-06 0.97654316192276347 -4.1225993625626841e-06 1.0614263293903286e-11 -2.2222165710676669e-17 4.256114126742098e-23 -7.9542506449742649e-29 1.5110304683984417e-34 -3.0010251458928692e-40 6.3612641766838146e-46 -1.4619554357602494e-51 3.6883908786496703e-57 -9.7234613716580339e-63 0 0 0 0 0 0 0 0 0 0 1.4585192057487051e-62 9.7234613716580339e-63 0 4.861730685829017e-63 0 4.861730685829017e-63 0 9.7234613716580339e-63 0 -2.1391615017647675e-61 -1.2031130458993635e-57 -5.3782254692792574e-54 -1.8944600131653649e-50 -5.2495659928024217e-47 -1.1422516655050572e-43 -1.9477582714805126e-40 -2.5971201130124885e-37 -2.7013618306001636e-34 -2.1859603270843127e-31 -1.3720529650519384e-28 -6.6574758155456144e-26 -2.4877659068900537e-23 -7.1284109865898597e-21 -1.5584831269411879e-18 -2.5848491485678907e-16 -3.2303967644870166e-14 -3.0176774616136443e-12 -2.0867392466303177e-10 -1.0554716833844191e-08 -3.846375059561987e-07 -9.9025130428667308e-06 -0.00017535631361939805 -0.0020546694469437488 -0.014961237710273745 -0.060130122072824817 -0.10307981706457371 -0.016758255298738641 0.14519500255188483 -0.020436043405130739 8.4027141428156215e-05 -7.3154745590142665e-10 7.2748655793266064e-20
1.2640220773577466e-22 9.1232509323575363e-17 4.0488961534053926e-11 9.8211730248782551e-06 0.97654223422799691 -5.02851478249464e-06 1.5791649408509747e-11 -4.0326737557794997e-17 9.4208281465727877e-23 -2.1475547609813809e-28 4.9760807039203502e-34 -1.2054608809122522e-39 3.1167093484471319e-45 -8.7368826819734298e-51 2.6886163154736254e-56 -9.2372883030751322e-62 0 0 0 0 0 0 0 0 0 1.4585192057487051e-62 4.861730685829017e-63 0 4.861730685829017e-63 0 4.861730685829017e-63 0 4.861730685829017e-63 0 -2.1877788086230576e-61 -1.2320063113652454e-57 -5.5073900000332804e-54 -1.9399577403200554e-50 -5.3756406091215908e-47 -1.1696842074329094e-43 -1.99453601893005e-40 -2.6594930620763261e-37 -2.7662382685622139e-34 -2.2384587803086095e-31 -1.4050044584847892e-28 -6.8173630594257264e-26 -2.5475125793456035e-23 -7.2996082950644382e-21 -1.5959119607532103e-18 -2.646927386569913e-16 -3.3079785965301963e-14 -3.0901505829393527e-12 -2.1368547746027383e-10 -1.080820091218836e-08 -3.9387503242593804e-07 -1.0140333628575055e-05 -0.0001795677026969143 -0.0021040147511724606 -0.015320549314217773 -0.061574216287976116 -0.10555539367271664 -0.017160711314827794 0.14868204716489775 -0.020926842132153775 8.6045166782984796e-05 -7.4911656698797174e-10 7.4495814652253403e-20
3.101170574163196e-28 2.7978896921610926e-22 1.6556034936129634e-16 6.0238522062242049e-11 1.1979314358196697e-05 0.97654110267293992 -6.1334984721024836e-06 2.3494439514096061e-11 -7.3181244090499112e-17 2.0852826667125316e-22 -5.798148186641504e-28 1.6387087206384764e-33 -4.8421344872809174e-39 1.527036852480762e-44 -5.2213083859343479e-50 1.9598441011005272e-55 -8.1677075521927485e-61 0 0 0 0 0 0 0 0 1.4585192057487051e-62 9.7234613716580339e-63 0 9.7234613716580339e-63 0 4.861730685829017e-63 0 4.861730685829017e-63 0 -2.2363961154813478e-61 -1.2615948043192008e-57 -5.6396569810219663e-54 -1.9865482979343148e-50 -5.5047434683451957e-47 -1.1977756638614412e-43 -2.0424373419164461e-40 -2.7233641746015077e-37 -2.8326730022041383e-34 -2.2922182167868065e-31 -1.4387474280966473e-28 -6.9810907035514348e-26 -2.6086943324624126e-23 -7.4749176633894582e-21 -1.6342398131737271e-18 -2.7104967069570136e-16 -3.3874238974297365e-14 -3.164364464247994e-12 -2.188174046253092e-10 -1.1067773515933953e-08 -4.0333443819359595e-07 -1.0383866501933897e-05 -0.0001838802463073589 -0.0021545452914853666 -0.015688491274758451 -0.063052996178428716 -0.10809043010480428 -0.017572830725591671 0.15225285182905973 -0.021429430237507586 8.8111667206106821e-05 -7.671077089711545e-10 7.6284942477596977e-20
7.7336487737913653e-34 8.3727975958276101e-28 6.1930750359065524e-22 3.004436586392664e-16 8.9621445257642821e-11 1.4611691422012363e-05 0.97653972245826692 -7.4812937473048939e-06 3.4954462877554791e-11 -1.3280256957620306e-16 4.6157345854586381e-22 -1.5654329937348847e-27 5.3965512342972685e-33 -1.9450056416571001e-38 7.4817492813181552e-44 -3.1203460445035802e-49 1.4286141217542192e-54 -7.2537021832568933e-60 0 0 0 0 0 0 0 1.4585192057487051e-62 9.7234613716580339e-63 0 9.7234613716580339e-63 0 4.861730685829017e-63 0 4.861730685829017e-63 0 -2.3336307291979281e-61 -1.2918931099532872e-57 -5.775101064119996e-54 -2.0342579720630844e-50 -5.6369474092985839e-47 -1.2265418837546851e-43 -2.0914892659336497e-40 -2.7887694860482169e-37 -2.9007035133046998e-34 -2.3472689669818996e-31 -1.47330091125499e-28 -7.1487511208642856e-26 -2.6713456840904427e-23 -7.654437998300889e-21 -1.6734883081011635e-18 -2.7755929742996345e-16 -3.4687774884990402e-14 -3.2403609752033377e-12 -2.240726014498704e-10 -1.1333581087740829e-08 -4.130210599083502e-07 -1.0633249053584267e-05 -0.00018829637735928449 -0.002206289573829887 -0.016065271151793133 -0.064567295876840999 -0.1106863560189353 -0.017994845125231133 0.15590943202519614 -0.021944091458149056 9.0227809475622086e-05 -7.8553104062885254e-10 7.8117049545650594e-20
2.0163481471132155e-39 2.5468210528344837e-33 2.2605567585086863e-27 1.370825318685175e-21 5.4521744359565431e-16 1.3333664888451613e-10 1.7822512905198033e-05 0.97653803893920754 -9.1252558598136164e-06 5.2004402943102366e-11 -2.4099784361372025e-16 1.0216844302527864e-21 -4.2264894328645607e-27 1.7771786044730007e-32 -7.8127735930477871e-38 3.6657031507392381e-43 -1.8647768769436707e-48 1.0413801143095239e-53 -6.4485995816836081e-59 0 0 0 0 0 0 1.4585192057487051e-62 4.861730685829017e-63 0 9.7234613716580339e-63 0 4.861730685829017e-63 0 4.861730685829017e-63 0 -2.3336307291979281e-61 -1.3229255369209338e-57 -5.91379867087202e-54 -2.0831136902029809e-50 -5.7723270482358892e-47 -1.2559991028228011e-43 -2.1417194759442625e-40 -2.8557459111938119e-37 -2.9703681982403894e-34 -2.4036421014439129e-31 -1.5086844098465869e-28 -7.3204389382019242e-26 -2.7355019942968229e-23 -7.8382706197508028e-21 -1.7136795970193884e-18 -2.8422529281741859e-16 -3.5520852845397526e-14 -3.318183006902525e-12 -2.2945403385415713e-10 -1.1605773642390649e-08 -4.2294036438324588e-07 -1.0888622024825112e-05 -0.00019281858808531654 -0.0022592767990824952 -0.016451101563303965 -0.066117969828876424 -0.11334463582603183 -0.018426991550206474 0.15965385261192983 -0.022471116495903713 9.2394789040378238e-05 -8.0439697052547556e-10 7.9993170982187611e-20
5.6107867758932097e-45 8.0993207457176263e-39 8.3871104121334041e-33 6.1032378404671408e-27 3.0342958164159912e-21 9.8941031344457039e-16 1.9837506264814305e-10 2.1738885788754351e-05 0.97653598546155584 -1.1130463962103762e-05 7.7370877095735553e-11 -4.3734062477120668e-16 2.2614801809725835e-21 -1.141104067225562e-26 5.8525634463753864e-32 -3.138268132080849e-37 1.7960236735867564e-42 -1.1144275648909391e-47 7.5911009041111349e-53 -5.7336820843324512e-58 4.861730685829017e-63 0 0 0 0 1.4585192057487051e-62 4.861730685829017e-63 0 9.7234613716580339e-63 0 9.7234613716580339e-63 0 9.7234613716580339e-63 0 -2.3822480360562183e-61 -1.3546969469528264e-57 -6.0558281286211178e-54 -2.1331430392315963e-50 -5.9109588285360386e-47 -1.2861639543343876e-43 -2.1931563348146822e-40 -2.9243312687112352e-37 -3.0417063935471159e-34 -2.4613694514916932e-31 -1.5449179032567226e-28 -7.4962510992647848e-26 -2.8011994888905399e-23 -8.0265193282993604e-21 -1.7548363737277471e-18 -2.9105142075863216e-16 -3.6373943243535552e-14 -3.3978745003663664e-12 -2.3496474035591602e-10 -1.1884504866317425e-08 -4.3309795221926026e-07 -1.1150129600810993e-05 -0.00019744943168996591 -0.0023135368823120491 -0.016846200325103183 -0.067705893350925792 -0.11606676962865688 -0.018869512580122001 0.16348822925421427 -0.023010803222266094 9.4613830870324416e-05 -8.2371616445920131e-10 8.1914367505338821e-20
1.692772711580811e-50 2.7490078629015211e-44 3.2533566675567781e-38 2.7620172531632899e-32 1.6478028169754819e-26 6.7163566725653834e-21 1.7954905045805368e-15 2.9513760913527095e-10 2.6515846631067332e-05 0.97653348072191193 -1.3576297064714482e-05 1.1511047148769742e-10 -7.9364533586344538e-16 5.0057467600959969e-21 -3.0808525677987307e-26 1.927354179087147e-31 -1.2605944301170462e-36 8.7996941847752174e-42 -6.6600556561696787e-47 5.533522019156948e-52 -5.0980496910057938e-57 5.3479037544119187e-62 0 0 0 1.9446922743316068e-62 9.7234613716580339e-63 0 9.7234613716580339e-63 0 9.7234613716580339e-63 0 4.861730685829017e-63 0 -2.4794826497727986e-61 -1.3872267869717084e-57 -6.2012696753705281e-54 -2.18437428440228e-50 -6.052921073339086e-47 -1.3170534805683237e-43 -2.245828902840293e-40 -2.9945643072001804e-37 -3.1147584029921586e-34 -2.5204836311160888e-31 -1.5820218621145333e-28 -7.6762869312973468e-26 -2.868475284334038e-23 -8.2192904764769812e-21 -1.7969818899381227e-18 -2.980415376830378e-16 -3.7247528030460579e-14 -3.4794804767006542e-12 -2.4060783415481377e-10 -1.2169932222953278e-08 -4.4349956164052707e-07 -1.1417919509160129e-05 -0.00020219152409261233 -0.0023691004731472131 -0.017250790598487845 -0.069331963218640602 -0.11885429420834595 -0.019322656433603577 0.1674147299466528 -0.023563456897472149 9.6886190367608809e-05 -8.4349955344901631e-10 8.3881726222796033e-20
5.6064151016502992e-56 1.0116261901853241e-49 1.346878025953305e-43 1.3068173969728331e-37 9.0957922630956105e-32 4.4488756805474004e-26 1.4866530395751853e-20 3.258290323071657e-15 4.3909850221718251e-10 3.2342498211354092e-05 0.97653042554748382 -1.6559575896612352e-05 1.7125845908307735e-10 -1.4402341177226976e-15 1.1080135179332009e-20 -8.3179598275688532e-26 6.3471293650377375e-31 -5.0636230348002347e-36 4.311456683741873e-41 -3.9802022692943592e-46 4.033668663543155e-51 -4.532884680758748e-56 5.6882249024199498e-61 0 0 1.4585192057487051e-62 4.861730685829017e-63 0 4.861730685829017e-63 0 9.7234613716580339e-63 0 4.861730685829017e-63 0 -2.5280999566310888e-61 -1.4205442273616946e-57 -6.3502055327096099e-54 -2.2368363895864402e-50 -6.1982940416276864e-47 -1.348685145014915e-43 -2.2997669585477659e-40 -3.066484732920264e-37 -3.1895655264154335e-34 -2.5810180603139625e-31 -1.6200172629357996e-28 -7.8606482161205814e-26 -2.9373674142792958e-23 -8.4166930447964933e-21 -1.8401399718874225e-18 -3.0519959530306432e-16 -3.8142101064291119e-14 -3.5630470692138783e-12 -2.4638650535177309e-10 -1.2462217064880259e-08 -4.5415107257663838e-07 -1.169214312489107e-05 -0.00020704754578176131 -0.0024259989774339055 -0.017665101047125362 -0.070997098291344513 -0.12170878406906556 -0.019786677057191386 0.17143557664892181 -0.024129390406513337 9.9213154349911311e-05 -8.6375834236433373e-10 8.5896361493647975e-20
2.0419268880481871e-61 4.0867300245874176e-55 6.0456308160131257e-49 6.599040090558759e-43 5.2492628428434228e-37 2.995399991936804e-31 1.2011448948389662e-25 3.2906791713916601e-20 5.9128440901573573e-15 6.5327984978886866e-10 3.9449494310874338e-05 0.9765266989677206 -2.0198394949739931e-05 2.5479393920867982e-10 -2.6136034554990096e-15 2.4525697014637624e-20 -2.2457583027553141e-25 2.0902281081112313e-30 -2.0339868347658226e-35 2.1124264836725502e-40 -2.3786688144166642e-45 2.9403624946020358e-50 -4.0303968108095687e-55 6.1743979710028515e-60 0 1.4585192057487051e-62 9.7234613716580339e-63 0 9.7234613716580339e-63 0 9.7234613716580339e-63 0 4.861730685829017e-63 0 -2.6253345703476692e-61 -1.4546687150455285e-57 -6.5027199836015325e-54 -2.2905590389860334e-50 -6.3471599883810059e-47 -1.381076845462763e-43 -2.3550010210069377e-40 -3.1401332395359616e-37 -3.2661700906620126e-34 -2.6430069901133373e-31 -1.6589256038264101e-28 -8.0494392663066625e-26 -3.00791485802364e-23 -8.6188387232601136e-21 -1.8843350381498922e-18 -3.125296435669707e-16 -3.9058168479021713e-14 -3.6486215578459615e-12 -2.5230402332771257e-10 -1.2761524754019373e-08 -4.6505851103665393e-07 -1.1972955582828906e-05 -0.00021202024380057868 -0.0024842645804137161 -0.018089366004811043 -0.072702240178614069 -0.12463185254624223 -0.020261834204765013 0.17555304705484404 -0.024708924515414933 0.00010159604212031515 -8.8450401932513758e-10 8.7959415867754445e-20
0 1.8328724685575394e-60 2.9789750129772112e-54 3.6129626680380871e-48 3.2332071220414701e-42 2.1085405341549574e-36 9.8643686162422791e-31 3.2429529847570795e-25 7.2838588161752615e-20 1.0730082380388976e-14 9.7193328475563826e-10 4.8118168703950348e-05 0.97652215342189952 -2.4636796263348181e-05 3.7907573504361266e-10 -4.7429250912539426e-15 5.428724471521691e-20 -6.063307116742035e-25 6.8835210251974205e-30 -8.170259851152228e-35 1.03500049349355e-39 -1.4215584033245507e-44 2.1434041070813064e-49 -3.5836392465541579e-54 6.6994648850723854e-59 1.9446922743316068e-62 9.7234613716580339e-63 0 9.7234613716580339e-63 0 4.861730685829017e-63 0 9.7234613716580339e-63 0 -2.6253345703476692e-61 -1.4896051117538958e-57 -6.6588994064153912e-54 -2.3455726605914151e-50 -6.4996032295782377e-47 -1.4142469281403564e-43 -2.4115623739402604e-40 -3.2155515402570384e-37 -3.3446154830047144e-34 -2.7064855296121113e-31 -1.6987689214486844e-28 -8.2427670074759293e-26 -3.0801575712510475e-23 -8.8258419994077408e-21 -1.9295921188776759e-18 -3.2003583384820217e-16 -3.9996249082842234e-14 -3.7362524063472748e-12 -2.5836373931196594e-10 -1.3068024791381739e-08 -4.7622805383009271e-07 -1.2260515898893973e-05 -0.00021711243388847654 -0.0025439302717092751 -0.018523825656129242 -0.074448353956813484 -0.12762515299303057 -0.020748393504375583 0.17976947652184924 -0.025302388151904574 0.00010403620664148518 -9.0574836603160926e-10 9.0072061118693981e-20
0 0 1.6277074336155549e-59 2.1714916530021519e-53 2.159164257073353e-47 1.5841146296443414e-41 8.4696577368334678e-36 3.2485082762104249e-30 8.7556028727083537e-25 1.6122692336750876e-19 1.9471959603912316e-14 1.4460173636929573e-09 5.8691669406188125e-05 0.97651660891240033 -3.0050469754218894e-05 5.6397866178721447e-10 -8.607019711646912e-15 1.2016401033997276e-19 -1.6370296851161844e-24 2.2668791439116808e-29 -3.2818956876458821e-34 5.0710884970751164e-39 -8.4956721323122849e-44 1.5624651156536218e-48 -3.1864331517475697e-53 7.266050979198899e-58 -9.7234613716580339e-63 0 4.861730685829017e-63 0 9.7234613716580339e-63 0 9.7234613716580339e-63 0 -2.7225691840642495e-61 -1.5253777261402257e-57 -6.8188323721608204e-54 -2.4019084517496675e-50 -6.6557102130169705e-47 -1.4482142031222917e-43 -2.4694830919875252e-40 -3.2927824028510868e-37 -3.4249461875521186e-34 -2.7714896754308301e-31 -1.7395698095016865e-28 -8.4407410679332912e-26 -3.1541365195131903e-23 -9.037820254206376e-21 -1.9759368767533265e-18 -3.277224224182315e-16 -4.0956874791818418e-14 -3.8259893027534487e-12 -2.6456908917797544e-10 -1.3381890958275599e-08 -4.8766603370354867e-07 -1.2554987102027609e-05 -0.00022232700280950992 -0.0026050298724716141 -0.018968726232540117 -0.076236428945243323 -0.13069038005828415 -0.021246626508558349 0.18408726019407395 -0.025910118715604388 0.00010653503583626361 -9.2750346922107059e-10 9.2235499390243761e-20
0 0 0 1.4471913732507235e-58 1.5828871137253053e-52 1.2903523759313811e-46 7.7614000792590935e-41 3.4021236844103268e-35 1.0697909658413192e-29 2.3639138249970859e-24 3.5687300670654532e-19 3.5335906172694737e-14 2.1513466289072738e-09 7.1588538439212182e-05 0.97650984587139544 -3.6653705430145223e-05 8.3907176816123644e-10 -1.5619217890807451e-14 2.6598138209399594e-19 -4.4198148268477407e-24 7.4652958273034137e-29 -1.318302595855456e-33 2.484642280568083e-38 -5.0773090186589412e-43 1.1389911970560356e-47 -2.8332851193495247e-52 7.880423024236426e-57 -2.4308653429145085e-61 9.7234613716580339e-63 0 9.7234613716580339e-63 0 9.7234613716580339e-63 0 -2.7711864909225397e-61 -1.5620108668579474e-57 -6.9826097028287619e-54 -2.4595984072537346e-50 -6.8155695961477296e-47 -1.482997961261357e-43 -2.5287960695710099e-40 -3.3718696881213091e-37 -3.5072078252584565e-34 -2.8380563440779222e-31 -1.7813514390280405e-28 -8.6434738771587733e-26 -3.2298937150155346e-23 -9.254893867398129e-21 -2.0233956300073165e-18 -3.3559377426132624e-16 -4.1940591106220907e-14 -3.9178832038348389e-12 -2.7092359651304752e-10 -1.3703301471325652e-08 -4.9937894497834232e-07 -1.2856536378938119e-05 -0.00022766691090585602 -0.0026675980651312417 -0.019424320227029165 -0.078067479553916755 -0.13382927107420381 -0.021756810723198784 0.18850885536052017 -0.026532462424143189 0.00010909395404223885 -9.497817334988173e-10 9.4450964481268232e-20
0 0 0 0 1.2867396754263084e-57 1.1538312645276876e-51 7.7113692704004152e-46 3.802717031718544e-40 1.3665789923226648e-34 3.5230125986499117e-29 6.3823034501353811e-24 7.8993241943281565e-19 6.4124319463355383e-14 3.2007154401218996e-09 8.7319273927908794e-05 0.97650159645736767 -4.4707872223320544e-05 1.2483467618633507e-09 -2.8344298498584444e-14 5.8874647451976437e-19 -1.193307149163792e-23 2.4584807623866522e-28 -5.2955026021644872e-33 1.2173881004886971e-37 -3.0344003877355089e-42 8.3029992807224456e-47 -2.5193109736922972e-51 8.5471097223188162e-56 -3.2573595595054414e-60 0 4.861730685829017e-63 0 9.7234613716580339e-63 0 -2.86842110463912e-61 -1.5995337042911757e-57 -7.1503245880730019e-54 -2.5186753505129225e-50 -6.9792723324192739e-47 -1.5186179929714979e-43 -2.5895350529149231e-40 -3.4528583925875338e-37 -3.5914471983023767e-34 -2.9062234078474996e-31 -1.8241375809360913e-28 -8.8510807750368102e-26 -3.3074722574118454e-23 -9.4771863343192708e-21 -2.0719953779397845e-18 -3.4365436730395217e-16 -4.2947957638568531e-14 -4.0119863843651956e-12 -2.774308760203731e-10 -1.4032439154236306e-08 -5.1137344979546338e-07 -1.3165335234382714e-05 -0.00023313519492398414 -0.0027316704263023561 -0.019890866631221152 -0.079942546217900048 -0.1370436075759916 -0.022279229608766438 0.19303678409985953 -0.02716977470315823 0.0001117144236546246 -9.725958958501313e-10 9.6719723300020375e-20
0 0 0 0 9.7234613716580339e-63 1.1440726746237245e-56 8.4107624820503079e-51 4.6084547008225832e-45 1.8631530257427715e-39 5.4893367656147517e-34 1.1601919797282341e-28 1.7231517672192295e-23 1.7485026865425552e-18 1.1636684502995684e-13 4.7619352504778059e-09 0.00010650652902894519 0.97649153393510812 -5.4531758377504563e-05 1.8572526904554127e-09 -5.1436578705887187e-14 1.3031839242821654e-18 -3.2218194685163701e-23 8.0963261182394423e-28 -2.1271660482984432e-32 5.9648191812073361e-37 -1.8134950126664291e-41 6.0527848841203862e-46 -2.2401682209805296e-50 9.2704119062626745e-55 -4.3196477143590816e-59 1.4585192057487051e-62 0 4.861730685829017e-63 0 -2.9170384114974102e-61 -1.6379559619012824e-57 -7.3220726629978613e-54 -2.5791729684645012e-50 -7.1469117679972767e-47 -1.5550946092667002e-43 -2.6517346759093345e-40 -3.5357946962900892e-37 -3.6777123397903509e-34 -2.9760297350224507e-31 -1.8679526312219359e-28 -9.0636801341726929e-26 -3.3869163794835247e-23 -9.7048243966980377e-21 -2.1217638294938679e-18 -3.5190879714941582e-16 -4.3979548704682888e-14 -4.1083524922619263e-12 -2.8409463732583989e-10 -1.4369491629951675e-08 -5.2365638510019789e-07 -1.3481559670369262e-05 -0.00023873497117282916 -0.0027972834635246711 -0.020368631199818653 -0.081862696436820023 -0.1403352169813025 -0.022814172546156739 0.19767363627621548 -0.027822420630127701 0.00011439794700028838 -9.959590422168668e-10 9.9043077526539248e-20
0 0 0 0 0 1.2640499783155444e-61 1.0172242869536225e-55 6.1309715049888464e-50 2.7541014607534557e-44 9.1285909413185051e-39 2.2049848577761693e-33 3.8207269369640481e-28 4.6523238911960709e-23 3.8702839225739649e-18 2.1117168981158317e-13 7.0846695394412438e-09 0.00012990974559577308 0.9764792597161186 -6.6514181662802389e-05 2.7631616843243202e-09 -9.3342268432547623e-14 2.8845859953375916e-18 -8.6986353500592932e-23 2.6663113649293818e-27 -8.5447270825376238e-32 2.9225990169367241e-36 -1.0838394640444002e-40 4.4124756216159518e-45 -1.991995997960107e-49 1.0055192522186501e-53 -5.7149644211920094e-58 3.8893845486632136e-62 9.7234613716580339e-63 0 -3.0142730252139905e-61 -1.6773068100723825e-57 -7.497952129701463e-54 -2.6411258510723495e-50 -7.3185837511792524e-47 -1.5924486655609218e-43 -2.7154305006793826e-40 -3.6207260168634733e-37 -3.7660525699767368e-34 -3.0475152353465482e-31 -1.9128216394956134e-28 -9.2813934982250196e-26 -3.4682714987968485e-23 -9.9379381905586322e-21 -2.1727294355632222e-18 -3.6036178243073962e-16 -4.5035953991842647e-14 -4.2070366109103599e-12 -2.909186892800825e-10 -1.4714651537767683e-08 -5.3623477053154163e-07 -1.3805390388497453e-05 -0.00024446943908793347 -0.0028644746566963645 -0.020857886748424974 -0.083829025942728591 -0.14370597446411862 -0.023361934757406742 0.20242207296621087 -0.028490775444443492 0.00011714606849640941 -1.0198846266172763e-09 1.0142236553144199e-19
0 0 0 0 0 0 1.3710080534037828e-60 9.0444261693374792e-55 4.469143285190382e-49 1.6459078331578838e-43 4.4725975916912904e-38 8.8571108727452408e-33 1.2582377924997501e-27 1.2560784359897428e-22 8.5668179519448249e-18 3.8321461449124484e-13 1.0540357280841207e-08 0.00015845519520143504 0.97646428754241854 -8.1129367020998054e-05 4.1109391158706231e-09 -1.6938873556223963e-13 6.3850122341828174e-18 -2.3485630653887075e-22 8.7808346403191622e-27 -3.4324021657111085e-31 1.4320089232521468e-35 -6.4776845533845576e-40 3.2167532297829998e-44 -1.7713616768457749e-48 1.0906764325476542e-52 -7.5616150345131883e-57 6.028546050427981e-61 0 -3.0142730252139905e-61 -1.7175911105351617e-57 -7.6780638496486154e-54 -2.7045695364540251e-50 -7.4943867574029381e-47 -1.6307015888590963e-43 -2.7806590639333444e-40 -3.7077010713102815e-37 -3.8565185604871695e-34 -3.1207209119675183e-31 -1.9587703415651302e-28 -9.5043457399069485e-26 -3.5515842767013352e-23 -1.0176661415131929e-20 -2.2249214258850599e-18 -3.69018170922689e-16 -4.6117779321608158e-14 -4.3080953303087999e-12 -2.9790694486856865e-10 -1.5068116781077248e-08 -5.491158174222931e-07 -1.4137013020701466e-05 -0.00025034188529378832 -0.0029332825052623764 -0.021358913492306727 -0.085842660025231568 -0.14715780506618129 -0.02392281716906686 0.20728483041748744 -0.029175225139216731 0.00011996037716054211 -1.0443864934067748e-09 1.0385896461142134e-19
0 0 0 0 0 0 0 1.4925513205495082e-59 8.0416784147605155e-54 3.2577709289341775e-48 9.8363112908622354e-43 2.1913762594073484e-37 3.5577829193392177e-32 4.1436223137966858e-27 3.3912832996943898e-22 1.896253879993541e-17 6.9542187733713829e-13 1.5681608476760546e-08 0.00019327261294716731 0.97644602418174509 -9.89556980141906e-05 6.1161075580545326e-09 -3.0739059589699828e-13 1.4133201338859463e-17 -6.3409563611260818e-22 2.8917666976365084e-26 -1.3788023155929851e-30 7.0166167107133354e-35 -3.8715265771143545e-39 2.3451107567603078e-43 -1.5752133929900014e-47 1.1830926848414577e-51 -1.0005370770168104e-55 9.5873329124548214e-60 -3.2087422526471512e-61 -1.7588477571351068e-57 -7.8625116110659995e-54 -2.769540562942608e-50 -7.6744220334671195e-47 -1.669875409126171e-43 -2.8474579304306073e-40 -3.7967699472621938e-37 -3.9491624084023037e-34 -3.1956889213524372e-31 -2.0058251970197141e-28 -9.7326652432189964e-26 -3.6369026863720691e-23 -1.0421131527644974e-20 -2.2783698515820863e-18 -3.7788294658897452e-16 -4.7225647529263176e-14 -4.4115868290787823e-12 -3.0506342687061093e-10 -1.543009081284434e-08 -5.6230693916699273e-07 -1.4476618394966448e-05 -0.00025635568827956935 -0.0030037465824871976 -0.021871999435531257 -0.087904755049976607 -0.1506926860998177 -0.0244971262028977 0.2122647246639339 -0.029876167154181749 0.00012284250955556109 -1.0694789034268736e-09 1.0635429361684923e-19
0 0 0 0 0 0 0 0 1.6178867376301803e-58 7.1501320333951129e-53 2.3747526116228181e-47 5.8784178184082927e-42 1.0736812203702237e-36 1.429117383358639e-31 1.3645783280535763e-26 9.1561307361740904e-22 4.1973357462576359e-17 1.2619859932123757e-12 2.3330568411937811e-08 0.00023573986860459526 0.97642374586116754 -0.00012069858083963008 9.0993078359466983e-09 -5.5782307566093447e-13 3.1283839742744224e-17 -1.712020870926601e-21 9.5234384295568032e-26 -5.5387346269074903e-30 3.4380844636224933e-34 -2.3139500918231538e-38 1.7097058749429578e-42 -1.4008378381189494e-46 1.2834020532515386e-50 -1.3239722578141314e-54 1.5438911965918626e-58 -1.8011156437177043e-57 -8.0514021192187078e-54 -2.8360765297270672e-50 -7.8587937654856928e-47 -1.7099927958172754e-43 -2.9158657552447775e-40 -3.8879841859601525e-37 -4.0440377225217315e-34 -3.2724626430509754e-31 -2.0540134329883236e-28 -9.9664841156131607e-26 -3.7242760920231232e-23 -1.0671489970075429e-20 -2.3331056346816973e-18 -3.8696123778450969e-16 -4.8360199487289059e-14 -4.5175709698943758e-12 -3.1239227444329695e-10 -1.5800782967670447e-08 -5.7581576327893511e-07 -1.4824402844228125e-05 -0.00026251432383214858 -0.0030759075984722107 -0.0223974408222622 -0.090016500215570866 -0.15431264990935067 -0.025085173474637318 0.21736465695416615 -0.030594011193910649 0.00012579415327386683 -1.0951765649766607e-09 1.0890981606577576e-19
0 0 0 0 0 0 0 0 9.7234613716580339e-63 1.7546472218225505e-57 6.3574575117010425e-52 1.7310838886602558e-46 3.5130989898065823e-41 5.2606004829276807e-36 5.7406053252994946e-31 4.4938423852858969e-26 2.472069259374752e-21 9.2907608885407976e-17 2.2901324373867262e-12 3.4710378416063887e-08 0.00028753743502934667 0.97639656949315767 -0.00014721832073712814 1.3537566205210554e-08 -1.012283574992593e-12 6.9246911264221589e-17 -4.6223782829055063e-21 3.1363755157056199e-25 -2.2249736253180051e-29 1.6846651009071931e-33 -1.3830474258134024e-37 1.2465067213352048e-41 -1.2458227356473704e-45 1.3922988942629985e-49 -1.7520948803043737e-53 6.5319296456387174e-58 -8.2448457353933087e-54 -2.9042161680853663e-50 -8.0476092762268414e-47 -1.7510771007980478e-43 -2.9859223569162614e-40 -3.9813968797442011e-37 -4.1411997247082017e-34 -3.3510867616511692e-31 -2.1033630955435903e-28 -1.0205938437213892e-25 -3.8137553419513282e-23 -1.0927882435479465e-20 -2.389160626273051e-18 -3.9625832688760206e-16 -4.9522095307143531e-14 -4.6261094115230282e-12 -3.1989775085034302e-10 -1.6180408851533406e-08 -5.8965014553780392e-07 -1.5180568568717356e-05 -0.00026882137140623095 -0.0031498074739925129 -0.022935542664940169 -0.092179119605247703 -0.15801978707500663 -0.025687275376640707 0.22258762018908398 -0.031329180201632598 0.00012881705109146267 -1.1214946707761094e-09 1.1152704386231934e-19
0 0 0 0 0 0 0 0 0 4.861730685829017e-62 1.9029708462780965e-56 5.6526925660822226e-51 1.2618861819761159e-45 2.0995318037392951e-40 2.5774911671084593e-35 2.3059458335581616e-30 1.4799208736548373e-25 6.6743684835415998e-21 2.056502669679592e-16 4.155913623285059e-12 5.1640750104064528e-08 0.00035071479748175648 0.97636341753566813 -0.00017956410644826562 2.0140562707851661e-08 -1.8369937523865639e-12 1.5327869537160539e-16 -1.2480285595296792e-20 1.0329205268138636e-24 -8.9381204330345424e-29 8.2550685718355304e-33 -8.2667347523852244e-37 9.0883777922507903e-41 -1.1080234793503081e-44 1.5105451826153598e-48 -2.3188904762268357e-52 -8.4026303266573235e-54 -2.9739994266067131e-50 -8.2409792589095716e-47 -1.793152409193028e-43 -3.0576688041149792e-40 -4.0770627875447903e-37 -4.2407053699411154e-34 -3.431607363861643e-31 -2.1539031105908589e-28 -1.0451168556012115e-25 -3.9053928787378705e-23 -1.1190459183413588e-20 -2.4465676753799253e-18 -4.0577966170602764e-16 -5.0712015762227588e-14 -4.7372657414726375e-12 -3.2758425261115125e-10 -1.6569190803062311e-08 -6.0381818673035051e-07 -1.5545324064588933e-05 -0.00027528052165663161 -0.0032254894277491254 -0.023486619367771536 -0.094393874603726446 -0.16181625016422727 -0.026303752513956544 0.22793670661368837 -0.03208211152659611 0.00013191300595548735 -1.1484489423857569e-09 1.1420754176724467e-19
0 0 0 0 0 0 0 0 0 0 6.4174845052943024e-61 2.0638450284991101e-55 5.0260905568931763e-50 9.1986712376064e-45 1.2547497906269523e-39 1.2628779216024963e-34 9.2628044405868114e-30 4.8737217738606788e-25 1.8020250325690093e-20 4.5520579965733817e-16 7.5417519699086805e-12 7.6828917980450109e-08 0.00042777141401850602 0.97632297506630483 -0.00021901543632407751 2.9964091000793632e-08 -3.3335954454610229e-12 3.3928483376029812e-16 -3.3696651744890657e-20 3.4018201364343252e-24 -3.5906751180929252e-28 4.0452007792589102e-32 -4.9413752668695231e-36 6.6267523605590821e-40 -9.8553347430783746e-44 1.6389791703631083e-47 -3.077986581227883e-51 -3.0454024533681059e-50 -8.4390180563277949e-47 -1.836243600087557e-43 -3.1311475190942447e-40 -4.1750384727471855e-37 -4.3426134896226806e-34 -3.5140720543934788e-31 -2.2056633565455064e-28 -1.0702319440195022e-25 -3.9992428707736116e-23 -1.1459375416369519e-20 -2.5053607111507779e-18 -4.1553086908758909e-16 -5.1930663985727871e-14 -4.8511056342458418e-12 -3.3545632041469464e-10 -1.6967358443704016e-08 -6.1832825261307627e-07 -1.5918884634907309e-05 -0.00028189558541436553 -0.0033029980802859122 -0.024050995468583504 -0.096662066767414068 -0.16570425816158055 -0.026934928955510109 0.23341511707034052 -0.032853258332516934 0.00013508388701022377 -1.1760556839184044e-09 1.1695293280598157e-19
0 0 0 0 0 0 0 0 0 0 0 8.4788583160858056e-60 2.2383387172114845e-54 4.4689857005722135e-49 6.7055356752485655e-44 7.4988554551899633e-39 6.1876876963746705e-34 3.7208169625772834e-29 1.6050364327731797e-24 4.8653355100470012e-20 1.0075971337185656e-15 1.368603848293147e-11 1.1430247891005189e-07 0.00052175540395213004 0.97627363732843686 -0.00026713260851748066 4.4578842265792938e-08 -6.0494762341026533e-12 7.510150506041174e-16 -9.098145224905614e-20 1.1203729286626386e-23 -1.4425022242529413e-27 1.982323304121588e-31 -2.9538083460907509e-35 4.8321759735794159e-39 -8.7665777034096713e-43 1.7785256766521017e-46 -7.181915614886459e-50 -8.6418429446500878e-47 -1.8803764194960757e-43 -3.206402402047416e-40 -4.2753824689072743e-37 -4.4469849638302208e-34 -3.5985300952447185e-31 -2.2586747516847412e-28 -1.0959541101599962e-25 -4.0953613703284483e-23 -1.1734791732158154e-20 -2.5655748416258564e-18 -4.255177712747419e-16 -5.3178767510608537e-14 -4.9676970414680579e-12 -3.435186522300581e-10 -1.7375149338528384e-08 -6.3318899788500441e-07 -1.6301473003127553e-05 -0.00028867050445945624 -0.0033823795786420566 -0.024629006527930389 -0.098985041258351017 -0.16968610174147844 -0.027581131252045383 0.23902617219869715 -0.033643091306751222 0.00013833163691880345 -1.204331847345989e-09 1.1976490484652785e-19
0 0 0 0 0 0 0 0 0 0 0 0 1.1222819115167703e-58 2.4276121994478538e-53 3.9736732283403674e-48 4.8881675952095573e-43 4.4816373206160849e-38 3.0317881705766255e-33 1.4946416049348092e-28 5.2858082586349446e-24 1.3136098541548419e-19 2.2303181891548675e-15 2.4836077044831043e-11 1.7005330061877935e-07 0.00063638382947155917 0.97621344560897882 -0.00032581824794590628 6.6321483521975895e-08 -1.0977975295179564e-11 1.6623968890398702e-15 -2.4565393713281522e-19 3.6899645342454876e-23 -5.7952163572515213e-27 9.7146513416031423e-31 -1.7658019940008176e-34 3.5238588074595544e-38 -7.798896238307872e-42 1.9301771733829098e-45 -8.9033790461888341e-47 -1.9255775669248053e-43 -3.2834789815254676e-40 -4.3781554801914434e-37 -4.5538829296572467e-34 -3.6850325741620619e-31 -2.3129693597946486e-28 -1.1222989107840821e-25 -4.1938065047136438e-23 -1.2016874670979714e-20 -2.627246473170783e-18 -4.3574640568018199e-16 -5.4457080736145866e-14 -5.087110421750385e-12 -3.5177611915533804e-10 -1.779280979495186e-08 -6.4840939515910105e-07 -1.6693320054331989e-05 -0.00029560936453311057 -0.0034636817468457516 -0.025221000201674403 -0.10136419098031817 -0.17376414958942793 -0.028242687159739079 0.24477332606602151 -0.034452100745099183 0.00014165828080371011 -1.2332951122949713e-09 1.2264521863925311e-19
0 0 0 0 0 0 0 0 0 0 0 0 9.7234613716580339e-63 1.4847919983749251e-57 2.6329259755397251e-52 3.5333028344804615e-47 3.5633941189522365e-42 2.6784476441666915e-37 1.4855030061924497e-32 6.0039826237145238e-28 1.7407675436267371e-23 3.5466798586928752e-19 4.9368242213488445e-15 4.5070036645203832e-11 2.5299540486546767e-07 0.00077618926990804095 0.97614000881461649 -0.00039739226685125956 9.8668143537877393e-08 -1.9921692329303499e-11 3.6797905115224342e-15 -6.6328533148497616e-19 1.2153236417403381e-22 -2.3282972822827303e-26 4.7610455752546895e-30 -1.0556804995985752e-33 2.5700141439389807e-37 -6.9388966482557599e-41 2.0861056662728299e-44 -1.9719460585949961e-43 -3.3624245973652081e-40 -4.4834206251706524e-37 -4.6633730346123648e-34 -3.7736326095308834e-31 -2.368580518659075e-28 -1.1492825205142278e-25 -4.2946387087604899e-23 -1.2305797380707801e-20 -2.6904134557115576e-18 -4.4622304893333534e-16 -5.5766387926972242e-14 -5.2094190201578273e-12 -3.6023378468505379e-10 -1.822059583363082e-08 -6.6399877017350634e-07 -1.7094665735936264e-05 -0.00030271641114496228 -0.0035469542686582577 -0.025827337542505758 -0.10380096159078755 -0.1779408560297274 -0.028919923992115411 0.25066018283588382 -0.035280799106430116 0.00014506593721244268 -1.2629639839694436e-09 1.2559571768591896e-19
0 0 0 0 0 0 0 0 0 0 0 0 0 1.0695807508823837e-61 1.9642694914573031e-56 2.8556508430275637e-51 3.1417839405853995e-46 2.5976936159247959e-41 1.6007937637301391e-36 7.2786922297220999e-32 2.4118271372164264e-27 5.7328905800113655e-23 9.5759088848976072e-19 1.0927722139242266e-14 8.1788533905095865e-11 3.7638988601668507e-07 0.00094669839855485898 0.97605040750084016 -0.00048468316854644202 1.4678996291483674e-07 -3.6151773414832468e-11 8.1454350420346129e-15 -1.790952806321728e-18 4.0028943051610723e-22 -9.3546228785247727e-26 2.3334839472632143e-29 -6.3119078708156693e-33 1.8745756596298864e-36 -6.1746747285093023e-40 2.5537804659315399e-44 -3.443289568249005e-40 -4.5912437348218887e-37 -4.7755237463558484e-34 -3.8643856008128204e-31 -2.4255429971082682e-28 -1.1769218079594069e-25 -4.3979210089570524e-23 -1.2601740429975717e-20 -2.7551152602285873e-18 -4.5695424626661044e-16 -5.7107506877888431e-14 -5.3346992096952994e-12 -3.6889692825137132e-10 -1.8658774374594884e-08 -6.7996684480325559e-07 -1.7505760157741223e-05 -0.00030999606887406936 -0.0036322489106257916 -0.02644839458755054 -0.10629685760696167 -0.18221877028337011 -0.029613166502010239 0.25669051724080849 -0.036129724155774055 0.00014855683162029817 -1.2933579137874038e-09 1.2861834040076116e-19
0 0 0 0 0 0 0 0 0 0 0 0 0 0 1.6529884331818658e-60 2.5986472665631754e-55 3.0972784293698771e-50 2.7937014658064418e-45 1.8937370610406893e-40 9.5674157099071637e-36 3.566477180996792e-31 9.688538886619997e-27 1.8880382642170501e-22 2.5854788054727703e-18 2.4188727212932751e-14 1.4842137394470545e-10 5.5996451281197812e-07 0.0011546494934927441 0.97594107634474536 -0.00059113922253908066 2.1837942241113796e-07 -6.5604291988958426e-11 1.8030547381714532e-14 -4.8358914998795517e-18 1.3184737248777955e-21 -3.7586981607647504e-25 1.1437753731862399e-28 -3.7742863875720777e-32 1.3675151540526749e-35 -5.4958534270817093e-39 -3.5014211360327244e-40 -4.7016937309160782e-37 -4.8904067329808088e-34 -3.9573495360165434e-31 -2.4838931878288644e-28 -1.2052344291727762e-25 -4.5037193722680346e-23 -1.2904892806329971e-20 -2.8213931966426726e-18 -4.6794684758754938e-16 -5.8481293412269142e-14 -5.4630309104432616e-12 -3.7777107411624857e-10 -1.9107624692858492e-08 -6.9632378983777319e-07 -1.7926864941541981e-05 -0.0003174529650433693 -0.0037196197955831367 -0.027084564303999092 -0.1088534498804993 -0.18660054776301577 -0.030322734168396447 0.26286829982445076 -0.036999442845598932 0.00015213331311646696 -1.3244974485186408e-09 1.3171513514794903e-19
0 0 0 0 0 0 0 0 0 0 0 0 0 0 0 2.6788136078917883e-59 3.4379900455636944e-54 3.3594330364367929e-49 2.4842409383395912e-44 1.3805775464941267e-39 5.7182415288761194e-35 1.7475644344877383e-30 3.8920367795757883e-26 6.2180346614548251e-22 6.9808060597420287e-18 5.3542431800414912e-14 2.6933939337753219e-10 8.330665709504188e-07 0.0014082572875566295 0.97580766009690567 -0.00072096378355094497 3.2487936072631936e-07 -1.1905126418828083e-10 3.991239076874539e-14 -1.3058086420860039e-17 4.3429756405873113e-21 -1.5103483520065862e-24 5.6068323620061956e-28 -2.25717583665868e-31 9.9778476706808684e-35 -4.9285218217648372e-38 -4.8145746899839397e-37 -5.0080973319343328e-34 -4.0525853706967624e-31 -2.5436693450237066e-28 -1.2342389428462979e-25 -4.6121031360751254e-23 -1.32154531464782e-20 -2.8892906823562952e-18 -4.7920805193560888e-16 -5.9888646925841416e-14 -5.5944981060684035e-12 -3.8686202697364309e-10 -1.9567440211948317e-08 -7.1308029000380569e-07 -1.8358254883643911e-05 -0.00032509195887738028 -0.003809123739404232 -0.027736258983468522 -0.1114723847870619 -0.19108896391715005 -0.031048937727945484 0.26919772817391524 -0.0378905561246453 0.00015579787509099763 -1.3564044152488512e-09 1.3488827889486173e-19
0 0 0 0 0 0 0 0 0 0 0 0 0 0 0 9.7234613716580339e-63 4.3224675181568624e-58 4.5485755995624204e-53 3.6438850076060519e-48 2.2091219125997195e-43 1.0064990635749483e-38 3.4177542243951564e-34 8.5632039478403582e-30 1.5635204526355326e-25 2.0478674477270845e-21 1.8848403712680647e-17 1.1851825454166679e-13 4.8876779741425985e-10 1.2393524060152768e-06 0.0017175353357816181 0.97564483684554393 -0.00087927991958945705 4.8331079908850869e-07 -2.1604026082094802e-10 8.8351051122564048e-14 -3.5261068927627364e-17 1.4306256433894509e-20 -6.069482672325933e-24 2.7488083604828834e-27 -1.3500968383343086e-30 7.2817192746350532e-34 -9.2873830505476461e-37 -5.128672213321237e-34 -4.1501574968172424e-31 -2.6049118784166274e-28 -1.2639549528133117e-25 -4.7231455400273507e-23 -1.3533631258109276e-20 -2.9588535744306019e-18 -4.907454624719676e-16 -6.1330517243668573e-14 -5.729189482655041e-12 -3.9617591598054959e-10 -2.0038530721888727e-08 -7.3024762436926674e-07 -1.8800220010383395e-05 -0.00033291817754618888 -0.0039008206671734447 -0.028403913199733646 -0.11415539556784628 -0.19568693126911688 -0.031792074745550958 0.27568326568915158 -0.038803704914483733 0.00015955318095980592 -1.3891021514638604e-09 1.3814010041951305e-19
0 0 0 0 0 0 0 0 0 0 0 0 0 0 0 0 5.8340768229948204e-62 6.9757278695639334e-57 6.0181458832064086e-52 3.9525659297546242e-47 1.9645387714224196e-42 7.3380372145778069e-38 2.0428287321475847e-33 4.1961478409350116e-29 6.2811612345036411e-25 6.744632765563924e-21 5.0891935233384347e-17 2.6234629937339546e-13 8.8696077044244808e-10 1.8437622687948557e-06 0.0020946882051899002 0.97544610090582029 -0.001072330580209468 7.1899110251031219e-07 -3.9204332996326426e-10 1.9557890122456096e-13 -9.5219796954413145e-17 4.7129452649195744e-20 -2.4393208036014051e-23 1.3478223903797028e-26 -8.0769796199653679e-30 5.3150051427004233e-33 -5.2910330134628412e-34 -4.2501342930165801e-31 -2.6676637181816231e-28 -1.2944032849247187e-25 -4.8369243861682779e-23 -1.3859650008718491e-20 -3.0301305818601596e-18 -5.025671547269515e-16 -6.2807913129995369e-14 -5.8671992214912398e-12 -4.0571924939637936e-10 -2.052122513138126e-08 -7.4783776610351574e-07 -1.9253068128201892e-05 -0.00034093706087428329 -0.0039947741292761215 -0.029087987475067002 -0.11690431637662548 -0.2003975204668732 -0.032552423957938489 0.28232968985608875 -0.039739577559372762 0.00016340209624789279 -1.4226157920861922e-09 1.4147310926686439e-19
0 0 0 0 0 0 0 0 0 0 0 0 0 0 0 0 0 1.2154326714572542e-60 1.1258223210368047e-55 7.9628793261581196e-51 4.2875860575016384e-46 1.7471080948046068e-41 5.3501196208178323e-37 1.2210647842277187e-32 2.0562655347310949e-28 2.523412288772989e-24 2.2213871282632497e-20 1.3741366953020659e-16 5.8072128494219044e-13 1.6095525827803557e-09 2.7428934289519061e-06 0.0025545883312682706 0.9752034957119331 -0.00130772180218193 1.0695757569466405e-06 -7.1142949621580487e-10 4.3295225999255049e-13 -2.571452052329006e-16 1.5527187912060072e-19 -9.8047939397788287e-23 6.6099173435679822e-26 -4.8332222327010327e-29 3.8276716864593642e-32 -4.352934855425502e-31 -2.7319707690028347e-28 -1.3256062072892889e-25 -4.9535228608891495e-23 -1.4193747677416498e-20 -3.1031737788908788e-18 -5.1468176157159186e-16 -6.4321912883085374e-14 -6.0086279860549579e-12 -4.1549898260335413e-10 -2.1015874893770069e-08 -7.6586350665082657e-07 -1.9717127997426393e-05 -0.00034915441697592591 -0.0040910519434693791 -0.02978897283976855 -0.11972109973519383 -0.20522398637691985 -0.033330238044633739 0.28914215253305148 -0.040698919139724711 0.0001673477287177442 -1.4569726285876095e-09 1.4489003198130798e-19
0 0 0 0 0 0 0 0 0 0 0 0 0 0 0 0 0 0 2.3978055742508712e-59 1.8170869929814121e-54 1.0536639732141907e-49 4.6512544586284761e-45 1.5538218675635311e-40 3.9009275852439875e-36 7.2990195492223123e-32 1.007684576304634e-27 1.0137970301548167e-23 7.3164729360014229e-20 3.7103847788447186e-16 1.2854771032598661e-12 2.920818880424087e-09 4.0804259731341955e-06 0.0031153554016796823 0.97490728460945941 -0.0015947179428885034 1.5910675639237388e-06 -1.2910045102788864e-09 9.5844568143548692e-13 -6.9446984761911716e-16 5.1160517482642504e-19 -3.9415965651342672e-22 3.2422882652520655e-25 -2.8930286905180245e-28 -1.6221850002872294e-31 -2.7978855630701282e-28 -1.3575877053584365e-25 -5.0730305615613065e-23 -1.4536180892315634e-20 -3.1780392461339041e-18 -5.2709857934082397e-16 -6.5873677566957086e-14 -6.1535841545978621e-12 -4.2552260304871652e-10 -2.1522858285044597e-08 -7.8433861077362667e-07 -2.0192753294641175e-05 -0.0003575764917039682 -0.0041897269961891177 -0.030507396520316782 -0.12260783829291777 -0.21016980053543197 -0.034125734373396131 0.2961262554668605 -0.041682543149995206 0.00017139347870866477 -1.4922025595993115e-09 1.4839385757694707e-19
0 0 0 0 0 0 0 0 0 0 0 0 0 0 0 0 0 0 9.7234613716580339e-63 4.7209349651674086e-58 2.9330042038029441e-53 1.3943253781517168e-48 5.0461025275491951e-44 1.3820058791222675e-39 2.8444460532217475e-35 4.363285582910188e-31 4.9384514587888235e-27 4.0731608749178219e-23 2.4098689946879821e-19 1.0018848063740765e-15 2.8455459051043209e-12 5.3003250936361295e-09 6.0700600943711275e-06 0.0037990596848174727 0.97454554424169193 -0.0019445996761037617 2.3667495938236455e-06 -2.3427252419334041e-09 2.1218108003103841e-12 -1.8756748032430023e-15 1.6858861081486862e-18 -1.5848371256883026e-21 1.5908182417638152e-24 -1.7327591870665511e-27 -2.8447297034713925e-28 -1.3903738541323155e-25 -5.1955447828400399e-23 -1.4887228310810172e-20 -3.2547878738044849e-18 -5.3982770078945172e-16 -6.7464467588159666e-14 -6.3021853642706273e-12 -4.357982366513359e-10 -2.2042585762542312e-08 -8.0327801074716634e-07 -2.0680327575111671e-05 -0.00036621005561370023 -0.004290878245720442 -0.031243829057749934 -0.12556679203658652 -0.21523869163087739 -0.034939083121811765 0.30328814518265834 -0.042691346187115481 0.00017554310248288387 -1.5283386581005635e-09 1.5198789477933275e-19
0 0 0 0 0 0 0 0 0 0 0 0 0 0 0 0 0 0 0 1.3612845920321247e-61 9.2955318366913638e-57 4.734647225701486e-52 1.8452821342112546e-47 5.4749117115309582e-43 1.2292827405449917e-38 2.0742378805218907e-34 2.6085021819356315e-30 2.4203731952104835e-26 1.6365670359011974e-22 7.9378408234200885e-19 2.7053823375780753e-15 6.2990135312786573e-12 9.6183034681750296e-09 9.0296183146804902e-06 0.0046325748764687478 0.97410366105064294 -0.002371097496850774 3.520462009348777e-06 -4.251206484580235e-09 4.6974282638547549e-12 -5.0663776444917895e-15 5.5562839803801576e-18 -6.3737343269805266e-21 7.8078055384799754e-24 -1.0670879380015882e-26 -1.4238415684142996e-25 -5.321172136055432e-23 -1.5247195245726607e-20 -3.3334863713767264e-18 -5.5288018221026252e-16 -6.909566353113175e-14 -6.4545604518554107e-12 -4.4633478153203521e-10 -2.2575506699266238e-08 -8.2269805038536399e-07 -2.1180270507904902e-05 -0.00037506251321314484 -0.0043945919821575183 -0.03199889324465463 -0.12860042242455511 -0.22043469616216418 -0.035770391976984596 0.31063463261960123 -0.043726326488376363 0.0001798007922111177 -1.5654178877869249e-09 1.5567584433271133e-19
0 0 0 0 0 0 0 0 0 0 0 0 0 0 0 0 0 0 0 0 3.3643176345936797e-60 1.8305105425557499e-55 7.6437936460754313e-51 2.442340363032884e-46 5.9407465605366582e-42 1.0935390079530476e-37 1.5127158450484284e-33 1.5595652126014127e-29 1.1863282798999031e-25 6.5760112281817411e-22 2.6147638847561751e-18 7.3055718428631941e-15 1.3943970864758148e-11 1.7453885681889344e-08 1.3431739582673306e-05 0.0056486108313317613 0.97356370592844277 -0.0028909157618253046 5.2363306416002963e-06 -7.7143572754834604e-09 1.0399952555923386e-11 -1.3686163209249351e-14 1.8315469684267196e-17 -2.5640269945012117e-20 3.8335942110815882e-23 -2.0804800829968678e-25 -5.4500194859308338e-23 -1.5616419501150922e-20 -3.4142085411682286e-18 -5.6626825423135548e-16 -7.0768792438285566e-14 -6.6108519015460128e-12 -4.5714207667405983e-10 -2.3122117876622049e-08 -8.4261679275818154e-07 -2.1693045737475382e-05 -0.00038414204068909415 -0.0045009634153689738 -0.032773275383941064 -0.13171143535190305 -0.22576222203195623 -0.036619686337238035 0.31817334452729473 -0.04478860741618558 0.00018417127735365427 -1.6034820113209187e-09 1.5946189068855626e-19
0 0 0 0 0 0 0 0 0 0 0 0 0 0 0 0 0 0 0 0 0 8.0938092457681474e-59 3.605193248238443e-54 1.2342040525700508e-49 3.2329895519387325e-45 6.4469945719573741e-41 9.7289595845538654e-37 1.1033226152582701e-32 9.3252048411330046e-29 5.8152091683524113e-25 2.6425530620333212e-21 8.6136740824868302e-18 1.9728669036931803e-14 3.0868033131204598e-11 3.1672546282371929e-08 1.9979223760512055e-05 0.0068869619777898756 0.97290365477699015 -0.0035243648090667167 7.7880744211030698e-06 -1.3998560551870467e-08 2.3026315249460385e-11 -3.6976032374143423e-14 6.0387518279195544e-17 -1.0318071676627969e-19 1.881733951541228e-22 -5.6195591365568765e-23 -1.5995277948878816e-20 -3.4970368911078836e-18 -5.800055887440187e-16 -7.2485561086549476e-14 -6.7712189442429688e-12 -4.6823111546254094e-10 -2.368297423619604e-08 -8.6305440972344909e-07 -2.2219170834169698e-05 -0.00039345776019686883 -0.0046100986839829666 -0.033567739526012129 -0.13490283543018886 -0.2312261286484826 -0.037486883547218082 0.32591291586053356 -0.045879467337850491 0.00018865995371904277 -1.6425787468997146e-09 1.6335081878052401e-19
0 0 0 0 0 0 0 0 0 0 0 0 0 0 0 0 0 0 0 0 0 3.8893845486632136e-62 1.9447895089453234e-57 7.1015999828184755e-53 1.9931238130358168e-48 4.2802515577854543e-44 6.9974147929302972e-40 8.6568361553724025e-36 8.0483043381058118e-32 5.5765450056081017e-28 2.8508356066743324e-24 1.0620001205000825e-20 2.8377625996076997e-17 5.3279902702666062e-14 6.8334807248594671e-11 5.7473871874851744e-08 2.9716987479584293e-05 0.008396013211945037 0.97209641298196581 -0.0042961213710283469 1.158252780672445e-05 -2.5401676730059931e-08 5.0985264482911353e-11 -9.9913966453616647e-14 1.9915645293537222e-16 -4.1539093424889815e-19 8.6849848753889189e-22 -1.6386439532489142e-20 -3.5820646800468273e-18 -5.9410763839572162e-16 -7.4247898308327571e-14 -6.9358414990097777e-12 -4.7961431723027441e-10 -2.4258702551027394e-08 -8.8403367717710305e-07 -2.2759229943449661e-05 -0.00040301996137451104 -0.0047221174079185345 -0.034383145548371213 -0.13817799484304444 -0.2368318281955214 -0.038371759135178353 0.33386323545650498 -0.047000377830715832 0.00019327304858323508 -1.6827632484922384e-09 1.6734816350580346e-19
0 0 0 0 0 0 0 0 0 0 0 0 0 0 0 0 0 0 0 0 0 0 1.2057092100855962e-60 4.6737683987457698e-56 1.3991720907221878e-51 3.2193362636968927e-47 5.6678205385935111e-43 7.5961978183912711e-39 7.7041766620680621e-35 5.8718593897586675e-31 3.3353058951057412e-27 1.3977702154465352e-23 4.2684874406738209e-20 9.3498036469339803e-17 1.4389845290411409e-13 1.5128223878957849e-10 1.0429269036420788e-07 4.4198375188523241e-05 0.010234551430558386 0.97110858861020088 -0.0052361401436647591 1.7224246128293825e-05 -4.6093105924607505e-08 1.1290123340625268e-10 -2.7003218835202103e-13 6.570342836730029e-16 -1.6732348546139e-18 -1.2230164781109582e-20 -3.6694120279751241e-18 -6.0859207051932273e-16 -7.6058009087496051e-14 -7.1049252108553397e-12 -4.9130587430826128e-10 -2.4850018896582191e-08 -9.0558060787175066e-07 -2.3313889946074759e-05 -0.00041284038427472606 -0.0048371559474765045 -0.035220472225844776 -0.14154074110059695 -0.24258541419716789 -0.039273902201751351 0.34203576151511533 -0.048153052815652873 0.00019801783318699369 -1.7241000115495224e-09 1.7146040221129576e-19
0 0 0 0 0 0 0 0 0 0 0 0 0 0 0 0 0 0 0 0 0 0 0 3.5325335163233637e-59 1.1234981706824441e-54 2.7573560899127431e-50 5.2011829243429884e-46 7.5069411138251437e-42 8.2480407598209878e-38 6.8577895278193083e-34 4.2848129364629773e-30 1.9951890895504999e-26 6.8543921448713103e-23 1.7158645872687092e-19 3.0808923063056619e-16 3.8867093807044906e-13 3.3492678791769825e-10 1.8924848845990665e-07 6.5732130663546023e-05 0.012473937175404291 0.9698989411014538 -0.0063807416733688387 2.5611357843850952e-05 -8.3637935156844734e-08 2.5003161035478909e-10 -7.2997621605535356e-13 2.1685227444504573e-15 -6.7610628278038899e-18 -3.7367415562744759e-18 -6.2347940635634213e-16 -7.7918444114022675e-14 -7.2787079276925918e-12 -5.0332219818116162e-10 -2.5457751108312808e-08 -9.2772526473862394e-07 -2.3883921223774522e-05 -0.00042293258283064821 -0.0049553715883659168 -0.036080846834460827 -0.14499546948592926 -0.24849382551015897 -0.040192655895364922 0.35044392938856839 -0.049339512175553345 0.00020290289809681895 -1.7666653435835286e-09 1.7569520429123664e-19
0 0 0 0 0 0 0 0 0 0 0 0 0 0 0 0 0 0 0 0 0 0 0 2.9170384114974102e-62 1.0360153622274202e-57 2.7015410271709437e-53 5.4355732990946807e-49 8.4055269629297334e-45 9.9456360619929644e-41 8.9582420723848496e-37 6.1059525864771074e-33 3.1274632157025165e-29 1.1937901364138499e-25 3.3619203197787387e-22 6.8986656956212466e-19 1.0153341645690641e-15 1.0499023363713035e-12 7.415348519482155e-10 3.434038519395541e-07 9.7748995052907692e-05 0.015200696345587216 0.96841640732844436 -0.0077739030961588677 3.8077687295501702e-05 -1.5176216851483113e-07 5.5378883774920548e-10 -1.9739296744464381e-12 7.1608882428779514e-15 -3.1055372230275971e-17 -6.3868281400069156e-16 -7.9832190324961502e-14 -7.4574680852115889e-12 -5.1568249700736869e-10 -2.6082867847798877e-08 -9.505028133697737e-07 -2.447022452510554e-05 -0.00043331239494486277 -0.0050769479517950465 -0.036965583389703294 -0.14854728805498243 -0.25456505665942974 -0.041127037077709871 0.35910368279185279 -0.050562164791616432 0.00020793851293812894 -1.8105505933923182e-09 1.8006175751460648e-19
0 0 0 0 0 0 0 0 0 0 0 0 0 0 0 0 0 0 0 0 0 0 0 0 1.0987511349973578e-60 3.0398885118514864e-56 6.498527713522846e-52 1.0719095818303148e-47 1.3588874318025806e-43 1.3181124709113089e-39 9.7328229894320491e-36 5.438251402584047e-32 2.2833910635486729e-28 7.1447848928150442e-25 1.6493416498557533e-21 2.7741950199528815e-18 3.3466737700562696e-15 2.8363911785008728e-12 1.641866042356078e-09 6.231190382157135e-07 0.00014534559420849267 0.018519595217149534 0.9665975722030854 -0.0094687777224186139 5.6603320872953106e-05 -2.7536952924896003e-07 1.226762657004484e-09 -5.339711035410601e-12 2.3658449222949133e-14 -7.6441229807564917e-16 -8.1802240335288077e-14 -7.6415356533635265e-12 -5.2840952927882301e-10 -2.6726516528127415e-08 -9.7395489502346819e-07 -2.5073866003808803e-05 -0.00044399855534907546 -0.0052021020436502016 -0.037876232421607238 -0.15220220601165674 -0.26080842935402521 -0.042075626465180094 0.36803417215678497 -0.0518239179546508 0.00021313710088572758 -1.8558664129242454e-09 1.8457119883441815e-19
0 0 0 0 0 0 0 0 0 0 0 0 0 0 0 0 0 0 0 0 0 0 0 0 0 3.9457806246188302e-59 8.9238774178208469e-55 1.5639391532804204e-50 2.114791888075403e-46 2.1978250366206323e-42 1.7476598886058482e-38 1.0578684987897097e-34 4.845435877392929e-31 1.6677283253959012e-27 4.2775433614335816e-24 8.0939894345666585e-21 1.1158848729780034e-17 1.1033323598835314e-14 7.6638251557327951e-12 3.6355850537527906e-09 1.1306515433103263e-06 0.00021609083977700854 0.022557260745702176 0.96436340219931349 -0.011529465348632291 8.4126279079791368e-05 -4.996431000990746e-07 2.718080635438193e-09 -1.4451412791608397e-11 7.7584288797161496e-14 -8.4278637410165483e-14 -7.8313038436899789e-12 -5.4153059686728088e-10 -2.7390073275802106e-08 -9.9813143496952992e-07 -2.5696123352514326e-05 -0.00045501350217947318 -0.0053310935256031689 -0.038814646364543515 -0.15596738059909618 -0.26723494564253719 -0.043036416107391097 0.37725868272297264 -0.053128323150105183 0.00021851387165594237 -1.9027484466197986e-09 1.8923718969076473e-19
0 0 0 0 0 0 0 0 0 0 0 0 0 0 0 0 0 0 0 0 0 0 0 0 0 8.7511152344922305e-62 1.4126244680744792e-57 2.6212150441088386e-53 3.765929905754956e-49 4.1746376100235097e-45 3.5566209998171266e-41 2.3183990991679775e-37 1.1503816610414706e-33 4.3192932438683126e-30 1.2186062020361224e-26 2.5619878295849496e-23 3.9735008044681329e-20 4.4899145134199205e-17 3.6383858258291853e-14 2.0711050825822315e-11 8.0509830243146498e-09 2.0515264268777922e-06 0.00032122060954681297 0.02746639838309459 0.96161499085899538 -0.014033044738412642 0.00012500329515838669 -9.0655812686672738e-07 6.0238473130822568e-09 -3.9135729995106112e-11 1.7314572389390713e-13 -8.0290607434323016e-12 -5.5507885498823861e-10 -2.8075209502706086e-08 -1.0230930513713883e-06 -2.6338547234694399e-05 -0.00046638445046318338 -0.005464237044473649 -0.039783066400110027 -0.15985144408390495 -0.27385775138111623 -0.044006593955665578 0.38680588384944692 -0.054479772891453504 0.00022408767732084116 -1.9513650293839134e-09 1.940766947306819e-19
0 0 0 0 0 0 0 0 0 0 0 0 0 0 0 0 0 0 0 0 0 0 0 0 0 3.8893845486632136e-62 2.6058876476043531e-60 5.0649763094962362e-56 7.7048182053531474e-52 9.0746349082382495e-48 8.2464559238353093e-44 5.7593190381188066e-40 3.0775050397390497e-36 1.2517568762646481e-32 3.8525358205143539e-29 8.9092157471163848e-26 1.5352479068438003e-22 1.9515508504237371e-19 1.807279055889343e-16 1.200180753199014e-13 5.5982781687213581e-11 1.7830816408335284e-08 3.7223281245549822e-06 0.00047740594063756841 0.033430634873994218 0.95822796598445115 -0.017071858376191712 0.00018569003229823212 -1.6448426998255303e-06 1.3354519802864469e-08 -1.0615027120993112e-10 -7.3710824094803145e-12 -5.6910246878898181e-10 -2.8783981749096876e-08 -1.048914307624883e-06 -2.7003044191186703e-05 -0.00047814483998025848 -0.0056019188459860581 -0.040784239291763849 -0.16386494222395087 -0.28069275093771096 -0.044982233567352654 0.39671153638698442 -0.055883770649440834 0.00022988218777033844 -2.0019277689811047e-09 1.9911105278993192e-19
0 0 0 0 0 0 0 0 0 0 0 0 0 0 0 0 0 0 0 0 0 0 0 0 0 3.8893845486632136e-62 1.9446922743316068e-62 1.1320053728884283e-58 1.8177105780060993e-54 2.2667578153221144e-50 2.1885757622538613e-46 1.6303568776459154e-42 9.3338597600442679e-39 4.0884055721012807e-35 1.3631026372817745e-31 3.4387021601410907e-28 6.517929981495426e-25 9.2055676041162441e-22 9.5902286193090158e-19 7.2781537754277362e-16 3.9605268431065788e-13 1.5136530706174485e-10 3.9496062731800248e-08 6.7536739959855966e-06 0.00070936689663059801 0.040669962879926816 0.95404506423905244 -0.020755999753160483 0.00027574340639485484 -2.9843466457343573e-06 2.9618919883389301e-08 -2.9617839090582705e-10 -5.8077775936201657e-10 -2.9518985133888397e-08 -1.0756881738882912e-06 -2.7691990322201278e-05 -0.00049033631916710102 -0.0057446195145838194 -0.041821577001109035 -0.16802093096351831 -0.28775943274348276 -0.045957837168091771 0.40702086817062255 -0.057347307880869204 0.00023592753546365609 -2.054706367897304e-09 2.0436747767842444e-19
0 0 0 0 0 0 0 0 0 0 0 0 0 0 0 0 0 0 0 0 0 0 0 0 0 3.8893845486632136e-62 1.9446922743316068e-62 2.9170384114974102e-61 4.9614156118112551e-57 6.5306022511989501e-53 6.6760735918426295e-49 5.2839430234638219e-45 3.2266471657042072e-41 1.5142319466286752e-37 5.4367021390872658e-34 1.4857517869397844e-30 3.0720705132480512e-27 4.7724836349303522e-24 5.5240594850150437e-21 4.7160598676467741e-18 2.9327643057446117e-15 1.3075834032005289e-12 4.0940026876218999e-10 8.7501002842839186e-08 1.2253282260537322e-05 0.0010537307732833498 0.049446669826294642 0.94886616755866837 -0.025215882342662883 0.00040929517273654041 -5.4147342014462397e-06 6.5721401279657161e-08 -1.380413143999509e-09 -3.0273879392548567e-08 -1.103532388742294e-06 -2.8408390140975813e-05 -0.00050301151503957581 -0.0058929456820302909 -0.042899378767646913 -0.17233580281288105 -0.29508199451936862 -0.0469256456586023 0.41779194963861638 -0.058879402168079804 0.00024226266767382479 -2.1100498442226183e-09 2.0988120810277899e-19
0 0 0 0 0 0 0 0 0 0 0 0 0 0 0 0 0 0 0 0 0 0 0 0 0 3.8893845486632136e-62 1.9446922743316068e-62 0 1.5732560499342699e-59 2.1774235167314693e-55 2.3495138255647638e-51 1.9689003083792365e-47 1.2774093624442577e-43 6.39414778416565e-40 2.4596351207049159e-36 7.2384628897668553e-33 1.6213325459457067e-29 2.7475838555600096e-26 3.4981038091892627e-23 3.3180600253620837e-20 2.3211619702949456e-17 1.1826548786707795e-14 4.3196583908998994e-12 1.1077941063577532e-09 1.9389678612776473e-07 2.2230611505052106e-05 0.001564716362381633 0.060071465023764731 0.94243478034405681 -0.030604645344435386 0.00060721217575523761 -9.8247476425095606e-06 1.4536761817591911e-07 -3.3208743323203113e-08 -1.1325660474973419e-06 -2.9156104107177425e-05 -0.00051623798790901166 -0.0060476752308835195 -0.044023146881403546 -0.17683045544718776 -0.30269090393971643 -0.047874566435262243 0.42910061199979577 -0.06049188517512117 0.00024893879833174975 -2.1684177108002432e-09 2.1569866844408873e-19
0 0 0 0 0 0 0 0 0 0 0 0 0 0 0 0 0 0 0 0 0 0 0 0 0 3.8893845486632136e-62 1.9446922743316068e-62 0 7.7787690973264271e-62 8.4282963169531838e-58 9.5727046649103807e-54 8.4672905292935358e-50 5.8164261967526474e-46 3.0932730333414918e-42 1.2691533503888536e-38 4.0015711217744215e-35 9.6519887727771712e-32 1.771869431676967e-28 2.4607861556756823e-25 2.567365287020254e-22 1.9954157333578105e-19 1.1436753472015208e-16 4.7736148992931692e-14 1.4281113742071401e-11 2.999234618918703e-09 4.2978940893714509e-07 4.0330923988355251e-05 0.0023224889485306409 0.072909225954681911 0.93441944394593746 -0.037099936281786566 0.00090025191261746177 -1.7828720582179133e-05 2.9265423826336831e-07 -1.1688867050125108e-06 -2.9940072939918606e-05 -0.00053010403236464893 -0.0062098234598744091 -0.04520004747097061 -0.18153198588487041 -0.31062510817758482 -0.048788451527319913 0.44104782850775132 -0.062200591806688896 0.00025602463024339311 -2.2304272093399904e-09 2.2188226039040447e-19
0 0 0 0 0 0 0 0 0 0 0 0 0 0 0 0 0 0 0 0 0 0 0 0 0 3.8893845486632136e-62 1.9446922743316068e-62 1.9446922743316068e-62 3.8893845486632136e-62 3.8115968576899493e-60 4.5300128564426288e-56 4.2176041811868893e-52 3.0580026108978409e-48 1.7218733428370108e-44 7.5058889882252824e-41 2.524188083155762e-37 6.5229447819416279e-34 1.2894772484637576e-30 1.9399297972573882e-27 2.2077701741747882e-24 1.8873608393920796e-21 1.2018253224040109e-18 5.6427999826930797e-16 1.9290960618891847e-13 4.7260458734228666e-11 8.1258788688971327e-09 9.5303356894615542e-07 7.3167227306545466e-05 0.0034454048705957899 0.088383278409135374 0.924387818997775 -0.044904235408211743 0.0013336506412435813 -3.2390038246110211e-05 -4.7247200728299098e-07 -3.078325286011311e-05 -0.00054472708684082148 -0.0063807430592994676 -0.046439604161699448 -0.18647622101560868 -0.31893523868432105 -0.049643224027142899 0.45377119202509852 -0.064027220749788838 0.00026361454785231225 -2.2969275229145535e-09 2.2851789703964906e-19
0 0 0 0 0 0 0 0 0 0 0 0 0 0 0 0 0 0 0 0 0 0 0 0 0 5.8340768229948204e-62 1.9446922743316068e-62 0 1.9446922743316068e-62 1.9446922743316068e-62 2.4977627571515158e-58 2.441479959520879e-54 1.8632782183775525e-50 1.1073799308770511e-46 5.1108588428738568e-43 1.8260521325473321e-39 5.0330647425746504e-36 1.0659381253806818e-32 1.7268423211390617e-29 2.1288420647877678e-26 1.9851380690147264e-23 1.3903494048459744e-20 7.252455232414549e-18 2.7889640595732005e-15 7.8076563082254757e-13 1.5659479368232644e-10 2.2035887558119058e-08 2.1143830846671935e-06 0.00013273805976652637 0.0051078902485088909 0.10697624723167859 0.91176987679776089 -0.054242216100217386 0.0019737266213346537 -5.997795060500049e-05 -3.0033640500070911e-05 -0.000560313114932027 -0.0065622797927401633 -0.047754782471087047 -0.19171163622912471 -0.32768839343294609 -0.050401858242047154 0.4674635433505992 -0.066002374953324311 0.00027184204573351084 -2.3691216136505409e-09 2.3572738212301867e-19
0 0 0 0 0 0 0 0 0 0 0 0 0 0 0 0 0 0 0 0 0 0 0 0 0 5.8340768229948204e-62 1.9446922743316068e-62 0 1.9446922743316068e-62 0 1.6335415104385497e-60 1.6479050075767629e-56 1.3204405288170019e-52 8.2600923336703275e-49 4.0237589842674797e-45 1.5220936165049707e-41 4.4571143979836955e-38 1.0068006177426269e-34 1.7473743716490236e-31 2.3196195854942953e-28 2.3430305933690009e-25 1.7899778003329582e-22 1.0269398122939787e-19 4.3873184246517169e-17 1.3815389379799628e-14 3.166212266290565e-12 5.1971260728914788e-10 5.9829775830426726e-08 4.6941984329626031e-06 0.00024081986850655584 0.0075664248868059858 0.12922396062884989 0.89580426192196971 -0.065352391716360231 0.002916285982452194 -0.00013932733602298278 -0.0005733440144278794 -0.0067571584328150903 -0.049163761033725141 -0.19730569835999862 -0.33697551442674989 -0.051005107756956686 0.48240484310815268 -0.068170803585421574 0.00028090295624476981 -2.4487773459199332e-09 2.4368988032616175e-19
0 0 0 0 0 0 0 0 0 0 0 0 0 0 0 0 0 0 0 0 0 0 0 0 0 3.8893845486632136e-62 1.9446922743316068e-62 0 3.8893845486632136e-62 0 3.8893845486632136e-62 1.3011936007552781e-58 1.092183072969262e-54 7.1732686101919454e-51 3.6779396170145819e-47 1.4684415973523093e-43 4.5525167834559564e-40 1.0925116824366674e-36 2.0223202460931077e-33 2.8760270971166512e-30 3.1281233653883494e-27 2.5885482928413268e-24 1.6198615755761736e-21 7.6112343150617442e-19 2.6625697443737485e-16 6.863545099097883e-14 1.2872863837224325e-11 1.7285484412166676e-09 1.6270800705541819e-07 1.0431759684685154e-05 0.00043695856149967172 0.011197081078942763 0.15569600833735855 0.87545680329855313 -0.078468588738425174 0.004272385325224658 -0.00078925048668310031 -0.0069606828668001075 -0.050693378244222556 -0.20335570204078324 -0.34692321602250048 -0.051353126432776001 0.49902047704497537 -0.070601074215887488 0.0002910984647489353 -2.5386192382892011e-09 2.5268179633150547e-19
0 0 0 0 0 0 0 0 0 0 0 0 0 0 0 0 0 0 0 0 0 0 0 0 0 5.8340768229948204e-62 3.8893845486632136e-62 0 1.9446922743316068e-62 0 1.9446922743316068e-62 1.2057092100855962e-60 1.0582723653071454e-56 7.2808654057476074e-53 3.9193887856942037e-49 1.6470340376100313e-45 5.3892860699375469e-42 1.369237179809144e-38 2.6926325472549253e-35 4.0840439540299448e-32 4.758625972078858e-29 4.2400473388195086e-26 2.8739616482695797e-23 1.4728791726533528e-20 5.6665581558671575e-18 1.6226713923621163e-15 3.4230092973011621e-13 5.2516597766068519e-11 5.7657225843723094e-09 4.4346930253379058e-07 2.3213837206914857e-05 0.00079304891126119007 0.016549320155260439 0.18695059331400979 0.84928559481310362 -0.093803925355246454 0.005726173073624218 -0.0075569831264020223 -0.052364678262982189 -0.21000983300089801 -0.35771348671140518 -0.051265380371696388 0.51799794675604016 -0.073405123673866854 0.00030292242146394909 -2.6431254222155714e-09 2.6315799363493699e-19
0 0 0 0 0 0 0 0 0 0 0 0 0 0 0 0 0 0 0 0 0 0 0 0 0 3.8893845486632136e-62 1.9446922743316068e-62 0 1.9446922743316068e-62 0 3.8893845486632136e-62 1.9446922743316068e-62 1.2062926177678957e-58 8.673734178673529e-55 4.8909903269827191e-51 2.1578393988690316e-47 7.4313801268036338e-44 1.9926888618613144e-40 4.1485731251464053e-37 6.6845723435912481e-34 8.3065561961645054e-31 7.9285757022172508e-28 5.7863624150391023e-25 3.2119028092474471e-22 1.3477331605036122e-19 4.2442401433566359e-17 9.9452937598030684e-15 1.716054969807174e-12 2.1524972513543022e-10 1.9308688626308348e-08 1.2124628509297908e-06 5.1760773530062898e-05 0.0014400570044866279 0.024422008012130462 0.22343466217316213 0.81514991055485453 -0.11190789842257907 0.0018300985585402714 -0.054946691515970453 -0.21745867960508805 -0.36962158682659213 -0.05037874097593379 0.54055461407965644 -0.076783679379479941 0.00031726522969344455 -2.7703937752348464e-09 2.7594223348223761e-19
0 0 0 0 0 0 0 0 0 0 0 0 0 0 0 0 0 0 0 0 0 0 0 0 0 5.8340768229948204e-62 1.9446922743316068e-62 0 1.9446922743316068e-62 0 1.9446922743316068e-62 0 1.6529884331818658e-60 1.2187016991704057e-56 7.1835083794864348e-53 3.3197276714328075e-49 1.2002680482783156e-45 3.3873210883635048e-42 7.4425808924000158e-39 1.2695315687156412e-35 1.6758508571539715e-32 1.7058750487329115e-29 1.3335906099758195e-26 7.9699839499608811e-24 3.6219748011923714e-21 1.243953609426434e-18 3.205363923386733e-16 6.1432567951002954e-14 8.6656129367962021e-12 8.8802305908913227e-10 6.5027592767668906e-08 3.3298072403544997e-06 0.00011575576403862266 0.0026172841611274674 0.035965006142983966 0.26521012503123226 0.7689933336235405 -0.13818614861977885 -0.043026342563591953 -0.22748568801699476 -0.38293273536972172 -0.047826803776100206 0.56922055538691152 -0.081161143043683256 0.00033602334576208711 -2.9377403081986357e-09 2.9279949682817374e-19
0 0 0 0 0 0 0 0 0 0 0 0 0 0 0 0 0 0 0 0 0 0 0 0 0 5.8340768229948204e-62 5.8340768229948204e-62 0 1.9446922743316068e-62 0 3.8893845486632136e-62 0 7.7787690973264271e-62 2.0322034266765291e-58 1.2496808610166583e-54 6.036680341068774e-51 2.2861280396461664e-47 6.7730742177225713e-44 1.5661790347436528e-40 2.8193429552452433e-37 3.939685771451258e-34 4.2598326729763037e-31 3.551221136833549e-28 2.2732481984923887e-25 1.1121901955199507e-22 4.1366281934011308e-20 1.162358188970081e-17 2.4494516623668021e-15 3.8372720095565142e-13 4.4215428573623428e-11 3.698187759076196e-09 2.2079164318651323e-07 9.2044029570485409e-06 0.00025997853110351263 0.0047618769503399369 0.052753018824416555 0.31063375486611616 0.69714865567045181 -0.20861939222238968 -0.21716780470086205 -0.40125903145650443 -0.04032373354846093 0.61097787041011664 -0.087740394701319821 0.00036462366293777787 -3.1949627239713802e-09 3.1881803203362367e-19
0 0 0 0 0 0 0 0 0 0 0 0 0 0 0 0 0 0 0 0 0 1.9446922743316068e-62 0 0 0 7.7787690973264271e-62 3.8893845486632136e-62 0 3.8893845486632136e-62 0 3.8893845486632136e-62 1.9446922743316068e-62 3.8893845486632136e-62 4.0644068533530582e-60 2.599260136333431e-56 1.3098958235089552e-52 5.1849257954225954e-49 1.6088738835627192e-45 3.9052543294493858e-42 7.397846711625825e-39 1.0908440954080612e-35 1.2484405995120859e-32 1.1053989455107414e-29 7.544636137665112e-27 3.9530922626686245e-24 1.5825993075017924e-21 4.8148547285011805e-19 1.1061825824889681e-16 1.9048559513769979e-14 2.4367635109496501e-12 2.2906800145689271e-10 1.5611926894536703e-08 7.5826398533161141e-07 2.5657261577349816e-05 0.00058620686343033583 0.0086375309047357074 0.076182348279867446 0.34826180678377316 0.54283805537971486 -0.42112029684974245 -0.38379390167118899 -0.023577024253333623 0.69165475410477883 -0.10091186713035448 0.0004229340275172035 -3.724873439107189e-09 3.72705033577053e-19
0 0 0 0 0 0 0 0 0 0 0 0 0 0 0 0 0 0 0 0 0 0 0 3.8893845486632136e-62 0 1.1668153645989641e-61 7.7787690973264271e-62 0 3.8893845486632136e-62 3.8893845486632136e-62 3.8893845486632136e-62 0 7.7787690973264271e-62 1.1668153645989641e-61 6.58161653324789e-58 3.4534911876823917e-54 1.4257861099976455e-50 4.6230493981381118e-47 1.1749761250761625e-43 2.3357237865824839e-40 3.6230653782979704e-37 4.3737391682080456e-34 4.0971530365640394e-31 2.9685366773255536e-28 1.6574135312068806e-25 7.1011293266796566e-23 2.3235268385196176e-20 5.774070533836183e-18 1.0827157313019245e-15 1.5202372421676341e-13 1.583679178750396e-11 1.2102636950699515e-09 6.6898157166278187e-08 2.6264329296255367e-06 7.1476401968479625e-05 0.0013028439718686126 0.015094502764186661 0.10151515611386597 0.32417800784441198 0.18657528907369772 -0.65161156357311756 0.11105721981900639 0.86671221504456541 -0.13179074985130954 0.0005620888109155582 -4.9981387713095803e-09 5.0256956531055739e-19
0 0 0 0 0 0 0 0 0 0 0 0 0 0 0 0 0 0 0 0 0 0 0 3.8893845486632136e-62 0 7.7787690973264271e-62 3.8893845486632136e-62 0 7.7787690973264271e-62 0 7.7787690973264271e-62 0 1.1668153645989641e-61 3.8893845486632136e-62 2.0224799653048711e-59 1.099853386578449e-55 4.7173678939162931e-52 1.5914947457466775e-48 4.2155518337310558e-45 8.749350922185803e-42 1.4197479991974225e-38 1.7968111584284128e-35 1.7687823623662371e-32 1.3502532172372442e-29 7.9661909406581771e-27 3.6183669549197936e-24 1.2597893722514198e-21 3.3451553217819756e-19 6.7347274718959105e-17 1.0209630186922583e-14 1.1558585571833851e-12 9.6750383932040435e-11 5.9136279471758074e-09 2.5979140076651502e-07 8.0329565951488612e-06 0.00016982866647629463 0.002351308125579835 0.019845271421239062 0.088316048000780786 0.13011488218896 -0.1739427085933431 -0.23152334328433496 1.1394364978878693 -0.16393667852704752 0.00068996492971131493 -6.1145913908806573e-09 6.1450900440154035e-19
-0 -0 -0 -0 -0 -0 -0 -0 -0 -0 -0 -0 -0 -0 -0 -0 -0 -0 -0 -0 -0 -0 -0 -0 -0 -0 -0 -0 -0 -0 -0 -0 -0 -0 -0 -0 -0 -0 -0 -0 -0 -0 -0 -0 -0 -0 -0 -0 -0 -0 -0 -0 -0 -0 -0 -0 -0 -0 -0 -0 -0 -0 -0 -0 -0 -0 -0
-0 -0 -0 -0 -0 -0 -0 -0 -0 -0 -0 -0 -0 -0 -0 -0 -0 -0 -0 -0 -0 -0 -0 -0 -0 -0 -0 -0 -0 -0 -0 -0 -0 -0 -0 -0 -0 -0 -0 -0 -0 -0 -0 -0 -0 -0 -0 -0 -0 -0 -0 -0 -0 -0 -0 -0 -0 -0 -0 -0 -0 -0 -0 -0 -0 -0 -0
0 0 0 0 0 0 0 0 0 0 0 0 0 0 0 0 0 0 0 0 0 -3.8893845486632136e-62 0 -3.8893845486632136e-62 0 3.8893845486632136e-62 3.8893845486632136e-62 3.8893845486632136e-62 7.7787690973264271e-62 7.7787690973264271e-62 7.7787690973264271e-62 7.7787690973264271e-62 7.7787690973264271e-62 7.7787690973264271e-62 2.3336307291979281e-61 5.4381374759409052e-58 2.4172262825423292e-54 8.4644916363420038e-51 2.3305637583982363e-47 5.0359124999315006e-44 8.5222298282492101e-41 1.1269247567134764e-37 1.1614617460351223e-34 9.3037822291306426e-32 5.7741356815112654e-29 2.7665513883370078e-26 1.0191854876709874e-23 2.8734840354606553e-21 6.1668262079096828e-19 1.0010663438001378e-16 1.2199514549782928e-14 1.105978411314552e-12 7.3755522454355769e-11 3.5670135372243939e-09 1.2279511542141414e-07 2.9330902301069348e-06 4.6826870171538085e-05 0.00047028413402634039 0.0026429985895397401 0.0060409108818127652 -0.0031052184804797808 -0.018387377425120931 0.051673527201871974 1.0021932538248455 -0.012995628493723942 2.8167617922090569e-07 -6.2527310615210636e-17
0 0 0 0 0 0 0 0 0 0 0 0 0 0 0 0 0 0 0 0 0 0 0 0 0 0 0 0 9.7234613716580339e-63 9.7234613716580339e-63 2.9170384114974102e-62 3.8893845486632136e-62 2.9170384114974102e-62 6.8064229601606237e-62 5.8340768229948204e-62 1.3992060913815911e-59 6.1886759016809942e-56 2.1693149979305727e-52 5.9793520624575918e-49 1.293526889708794e-45 2.1917499665645273e-42 2.902108398527065e-39 2.995365484209001e-36 2.4031534415627901e-33 1.4939753760897319e-30 7.1712509290821075e-28 2.6471812843413651e-25 7.4799606488839088e-23 1.6092066593324584e-20 2.6193228179528748e-18 3.201713730587229e-16 2.9124955248319684e-14 1.9498094738586711e-12 9.4717321095151098e-11 3.2775346087511666e-09 7.8767259737302191e-08 1.2668901741609477e-06 1.2843517517904135e-05 7.3118495907637207e-05 0.00017101088229951627 -7.9865089029768511e-05 -0.00053301233462779609 0.0014396002940497269 0.031136338663260796 0.97634300072507796 -6.3831993631527608e-05 3.3249122299043339e-14
0 0 0 0 0 0 0 0 0 0 0 0 0 0 0 0 0 0 0 0 0 0 0 0 0 0 0 0 0 0 0 0 1.2154326714572542e-63 1.2154326714572542e-63 2.4308653429145085e-63 4.861730685829017e-63 5.8474465823808501e-60 2.048379012384618e-56 5.6485505099610924e-53 1.2225552612672758e-49 2.0725777158278302e-46 2.7458629971541185e-43 2.8358382718993964e-40 2.2766867471172003e-37 1.4163883464449787e-34 6.8042742783066544e-32 2.5139351608582456e-29 7.1104050786949965e-27 1.5313679164348806e-24 2.495663688560672e-22 3.0547540124565817e-20 2.78315204563445e-18 1.8665560669111599e-16 9.0861320013055408e-15 3.1517747412334711e-13 7.5965987359958801e-12 1.2262094145058209e-10 1.2487991943766763e-09 7.1545542045894615e-09 1.6923202528716083e-08 -7.5078581275286332e-09 -5.3358425422808851e-08 1.4120419874910387e-07 3.2226652107638991e-06 0.00015205485392686289 0.97654737860652352 -1.5272646593708051e-09
0 0 0 0 0 0 0 0 0 0 0 0 0 0 0 0 0 0 0 0 0 0 0 0 0 0 0 0 0 0 0 0 0 0 0 0 0 3.7982270983039195e-65 1.1490586529143932e-61 2.4874685646804988e-58 4.2179393336915094e-55 5.58956826085261e-52 5.7743254692493321e-49 4.637193744319184e-46 2.8858899180639681e-43 1.3868830329479635e-40 5.1261359977603077e-38 1.4505363677538089e-35 3.1256164096398528e-33 5.0967338710320124e-31 6.2425958433221931e-29 5.6917949724929257e-27 3.8205515675129088e-25 1.8616516364497886e-23 6.4652846185490026e-22 1.560517582358858e-20 2.5233353246004666e-19 2.5756085718535913e-18 1.4802291733107695e-17 3.5209407248932012e-17 -1.5209531053252901e-17 -1.1164605880046163e-16 2.9241376115641814e-16 6.8543192490061085e-15 3.7784913559796953e-13 3.6383672362597244e-09 0.97654738357648785
-0 -0 -0 -0 -0 -0 -0 -0 -0 -0 -0 -0 -0 -0 -0 -0 -0 -0 -0 -0 -0 -0 -0 -0 -0 -0 -0 -0 -0 -0 -0 -0 -0 -0 -0 -0 -0 -0 -0 -0 -0 -0 -0 -0 -0 -0 -0 -0 -0 -0 -0 -0 -0 -0 -0 -0 -0 -0 -0 -0 -0 -0 -0 -0 -0 -0 -0
