-40 0.58888967381395418 0.58888967381343027 0.58888967381448298
-39 0.5983104244361046 0.59831042443557103 0.59831042443664084
-38 0.60788188610791327 0.60788188610736837 0.60788188610845528
-37 0.61760647117960943 0.61760647117905731 0.61760647118016132
-36 0.62748663123013748 0.62748663122957482 0.62748663123069659
-35 0.63752485799444081 0.63752485799387071 0.63752485799501046
-34 0.64772368444656159 0.64772368444597994 0.64772368444713779
-33 0.65808568610732621 0.65808568610673734 0.65808568610791385
-32 0.66861348267776866 0.6686134826771698 0.66861348267836485
-31 0.67930974014682055 0.67930974014621159 0.67930974014742584
-30 0.69017717359175235 0.69017717359113262 0.69017717359236641
-29 0.70121855099246699 0.7012185509918395 0.7012185509930926
-28 0.71243669853189684 0.71243669853125891 0.71243669853253244
-27 0.72383450807699234 0.72383450807634353 0.72383450807763738
-26 0.73541494786194672 0.73541494786128692 0.73541494786260131
-25 0.74718107787680887 0.74718107787613885 0.74718107787747434
-24 0.75913607217399903 0.75913607217331858 0.75913607217467538
-23 0.77128325135089926 0.77128325135020792 0.77128325135158637
-22 0.7836261300099836 0.78362613000928139 0.78362613001068204
-21 0.79616848627943226 0.79616848627871895 0.79616848628014236
-20 0.80891446385804455 0.80891446385731969 0.80891446385876542
-19 0.82186872207546069 0.82186872207472572 0.82186872207619477
-18 0.83503665697043328 0.8350366569696851 0.83503665697117813
-17 0.84842472769182065 0.84842472769105903 0.84842472769257615
-16 0.86204093969713635 0.86204093969636375 0.86204093969790541
-15 0.87589556266116131 0.87589556266037594 0.87589556266194257
-14 0.89000220246643136 0.89000220246563377 0.8900022024672265
-13 0.90437941327101568 0.90437941327020388 0.90437941327182259
-12 0.9190531461673318 0.91905314616650724 0.91905314616815281
-11 0.9340605217928013 0.93406052179196197 0.9340605217936363
-10 0.9494557604860131 0.94945576048515867 0.94945576048686242
-9 0.96531977009643533 0.96531977009556524 0.96531977009730097
-8 0.9817762686990491 0.98177626869816148 0.98177626869993162
-7 0.99902041969914424 0.99902041969823696 0.99902041970004829
-6 1.0173737400069047 1.0173737400059737 1.0173737400078293
-5 1.037401727551112 1.0374017275501544 1.0374017275520633
-4 1.0602096661842879 1.0602096661832949 1.0602096661852738
-3 1.0882559677079471 1.0882559677069035 1.0882559677089823
-2 1.1254933885422758 1.1254933885411638 1.1254933885433756
-1 1.1510172627396245 1.1510172627384641 1.1510172627408048
0 1 1 1
1 0.5 0.5 0.5
2 0.078538767066467646 0.078538767066119952 0.078538767066818352
3 0.0012945666816841924 0.0012945666816733398 0.0012945666816950878
4 2.4337036311403412e-07 2.4337036311502833e-07 2.433703631248088e-07
5 6.0422336021990891e-15 6.0422327769934963e-15 6.0422453866467163e-15
6 2.6348022312126516e-30 2.6347145245151307e-30 3.8618827178183384e-30
7 3.5223256027349914e-61 -1.6749878532950373e-60 4.2531927870593715e-56
8 0 0 0
