4.1981347977053811e-07 0.98425420342124803 -2.1326471608051376e-07 3.3436898256197805e-14 -5.0578615817526444e-21 8.3041349973357403e-28 -1.5784727599855038e-34 3.6184600502999069e-41 -1.0289373525579996e-47 3.7049930666402487e-54 -1.6724353559251818e-60 1.9446922743316068e-62 5.8340768229948204e-62 5.8340768229948204e-62 3.8893845486632136e-62 5.8340768229948204e-62 5.8340768229948204e-62 9.7234613716580339e-62 7.7787690973264271e-62 -8.7104711659586999e-58 -3.9864271726350105e-53 -1.2027218493640711e-48 -2.3867402171906007e-44 -3.107268797496203e-40 -2.6462745161987737e-36 -1.469510595328808e-32 -5.3016813282672755e-29 -1.2375542761354617e-25 -1.8602413777483992e-22 -1.7908084455705917e-19 -1.0970242931662742e-16 -4.2438543926031211e-14 -1.0272760723416869e-11 -1.5384428810833238e-09 -1.4052385894593819e-07 -7.6851254980728832e-06 -0.0002454242186659746 -0.0044160698793571426 -0.042363110153453509 -0.19660960342758782 -0.35447854253528038 -0.010033382093027239 0.63400758375824806 -0.1035309868710749 0.00077173016183025589 -2.7875376692724261e-08 6.2110364412928749e-17 -3.0647159714580481e-33 4.0838537760963742e-61
1.2956888950948049e-13 6.0754943142751263e-07 0.98425410652583556 -3.0863430910105166e-07 7.0028756288051123e-14 -1.5330015907906646e-20 3.6424642907218993e-27 -1.0019896400480862e-33 3.3241082768213096e-40 -1.3679353010582365e-46 7.1283541917959754e-53 -4.7761642257584263e-59 3.8893845486632136e-62 7.7787690973264271e-62 3.8893845486632136e-62 7.7787690973264271e-62 5.8340768229948204e-62 7.7787690973264271e-62 7.7787690973264271e-62 -8.849711132800843e-58 -4.0501999720071582e-53 -1.2219623713526466e-48 -2.4249220525047742e-44 -3.1569772762442761e-40 -2.6886082468639716e-36 -1.4930190655498535e-32 -5.3864948830765694e-29 -1.257352029099211e-25 -1.8900005567028193e-22 -1.8194568723324253e-19 -1.1145739200416076e-16 -4.3117453785201021e-14 -1.0437099031487456e-11 -1.5630540937441686e-09 -1.4277188686764958e-07 -7.8080681547417249e-06 -0.00024935038813192907 -0.0044867158754600071 -0.043040813202756059 -0.1997548616341786 -0.36014930499479858 -0.010193887628847514 0.64415011222212704 -0.10518722270991834 0.0007840759072608312 -2.8321312759924896e-08 6.3103974376399875e-17 -3.113743735888688e-33 4.0838537760963742e-61
3.8581496521472053e-20 2.7136335678686085e-13 8.7923873418693762e-07 0.98425396629980644 -4.4665209467046259e-07 1.4666511261931182e-13 -4.6464176700246638e-20 1.5977034691103031e-26 -6.360471966749449e-33 3.0537010119725714e-39 -1.8186208022459231e-45 1.3714851976161806e-51 -1.3304417725612255e-57 5.8340768229948204e-62 3.8893845486632136e-62 7.7787690973264271e-62 7.7787690973264271e-62 9.7234613716580339e-62 7.7787690973264271e-62 -8.991284730372184e-58 -4.1149929997296503e-53 -1.2415107005677039e-48 -2.4637147155538416e-44 -3.2074809843515286e-40 -2.7316192266636979e-36 -1.5169036209911804e-32 -5.4726652732130273e-29 -1.2774665037141544e-25 -1.9202358187617095e-22 -1.8485636125092746e-19 -1.1324043033014636e-16 -4.3807224744658289e-14 -1.0604066399356479e-11 -1.5880590328605486e-09 -1.4505587839256145e-07 -7.9329776285012867e-06 -0.00025333936780996336 -0.0045584920539442231 -0.043729358018030719 -0.20295043700254428 -0.36591078664132659 -0.010356959348234806 0.65445490092317493 -0.10686995509561417 0.00079661916082221626 -2.877438295008181e-08 6.4113480202576273e-17 -3.1635558508901993e-33 4.2783230035295349e-61
1.2469352523020559e-26 1.1693775911516683e-19 5.6833137509833417e-13 1.2724243895108252e-06 0.98425376336612358 -6.4638983371459239e-07 3.0716886542889538e-13 -1.408295692733104e-19 7.0080471468450444e-26 -4.0375267614704178e-32 2.805290386552795e-38 -2.4177907591179896e-44 2.6387178067331405e-50 -3.7045823865257553e-56 1.1668153645989641e-61 5.8340768229948204e-62 5.8340768229948204e-62 9.7234613716580339e-62 5.8340768229948204e-62 -9.1351919586727229e-58 -4.1808225912175912e-53 -1.2613717647045713e-48 -2.503127985088688e-44 -3.2587926526444436e-40 -2.775318297666792e-36 -1.5411702823864561e-32 -5.5602142201694408e-29 -1.2979027703493065e-25 -1.9509547854832018e-22 -1.8781360031703523e-19 -1.1505199375201877e-16 -4.4508030677109386e-14 -1.0773704914843637e-11 -1.6134640014503509e-09 -1.4737640924496988e-07 -8.0598854049474543e-06 -0.00025739216318014426 -0.0046314165067323004 -0.044428918149321747 -0.20619713494561703 -0.37176443938184722 -0.010522637598738121 0.66492454817743696 -0.10857960835963573 0.00080936308564714704 -2.9234701520164141e-08 6.5139136475594625e-17 -3.2141648783907667e-33 4.2783230035295349e-61
4.6657768410508793e-33 5.469464834351745e-26 3.54429964917949e-19 1.1902879541186371e-12 1.8414381111480496e-06 0.98425346968248306 -9.3544792441109459e-07 6.4332069005909287e-13 -4.2684421866925346e-19 3.0739570537254361e-25 -2.5629576284627675e-31 2.5770869676146813e-37 -3.2143651935383001e-43 5.0768546067727746e-49 -1.0314948472480454e-54 2.7809099522941977e-60 7.7787690973264271e-62 9.7234613716580339e-62 5.8340768229948204e-62 -9.2812383484750265e-58 -4.24770534247485e-53 -1.281550571962906e-48 -2.5431717996127587e-44 -3.3109252199231722e-40 -2.8197164790548148e-36 -1.565825168818616e-32 -5.6491638002466214e-29 -1.3186659821913247e-25 -1.9821652029065604e-22 -1.9081815012119634e-19 -1.1689253906708898e-16 -4.5220048294441853e-14 -1.0946057352949864e-11 -1.6392754054290526e-09 -1.4973406454633599e-07 -8.1888234834781272e-06 -0.00026150979612544583 -0.0047055076207520048 -0.04513966997440691 -0.20949577397991592 -0.37771173864625635 -0.010690963041756447 0.67556169507293262 -0.11031661383513051 0.00082231089711795016 -2.9702384615668128e-08 6.618120198896622e-17 -3.2655835880058914e-33 4.2783230035295349e-61
2.1054649573460441e-39 2.9617618093774615e-32 2.3990855437621771e-25 1.0742517527084237e-18 2.4928859586862729e-12 2.6649080309724131e-06 0.98425304466622643 -1.3537692668233596e-06 1.3473417739316165e-12 -1.293733668887323e-18 1.3483371342598803e-24 -1.6269243300176801e-30 2.3674468644368902e-36 -4.2733812450407707e-42 9.7677928178235813e-48 -2.8720641297363941e-53 1.1006958272716894e-58 9.7234613716580339e-62 5.8340768229948204e-62 -9.4296183690065281e-58 -4.3156581256515989e-53 -1.3020522131219725e-48 -2.583856261498013e-44 -3.3638918383170844e-40 -2.8648249716802421e-36 -1.5908745002493351e-32 -5.7395364536720489e-29 -1.3397613773711472e-25 -2.0138749447455705e-22 -1.9387076864280218e-19 -1.1876253060037494e-16 -4.5943457220264291e-14 -1.1121167193380414e-11 -1.6654997562272467e-09 -1.5212943905359109e-07 -8.319824390269194e-06 -0.00026569330534362528 -0.0047807840852805367 -0.045861792768198774 -0.21284718603819916 -0.38375418390296984 -0.01086197650165158 0.68636902672085065 -0.11208141006931115 0.00083546586447719618 -3.0177550329377526e-08 6.7239939877191781e-17 -3.3178249635250645e-33 4.2783230035295349e-61
1.1785568177271429e-45 1.9341912686959818e-38 1.8800797116543501e-31 1.0523170457695652e-24 3.2559795863255602e-18 5.2209884931690192e-12 3.8566236527943749e-06 0.98425242958627224 -1.9591585934018619e-06 2.8218110555314011e-12 -3.9212113267485323e-18 5.9142418238339141e-24 -1.0327451368966902e-29 2.1748598815122756e-35 -5.6813029238625292e-41 1.8793084155147194e-46 -7.996890420517596e-52 4.4322259501201383e-57 5.8340768229948204e-62 -9.580720958722094e-58 -4.3846981026571587e-53 -1.3228818640191917e-48 -2.6251916419005262e-44 -3.4177058796799869e-40 -2.9106551635087513e-36 -1.6163246005386233e-32 -5.8313549954834282e-29 -1.3611942815017071e-25 -2.0460920161982954e-22 -1.9697222651722026e-19 -1.2066244042854987e-16 -4.6678440076360801e-14 -1.1299078641419113e-11 -1.6921436739068792e-09 -1.5456313744262622e-07 -8.4529211936949093e-06 -0.00026994374683597726 -0.0048572649006405231 -0.046595468784619079 -0.2162522168355587 -0.38989329924824695 -0.011035718739047223 0.69734927379346501 -0.11387444308646871 0.00084883131282862637 -3.0660318774495236e-08 6.8315617779721344e-17 -3.3709022109908903e-33 4.4727922309626956e-61
8.3538433889592048e-52 1.566849062113479e-44 1.7768500860647119e-37 1.193444882324716e-30 4.6158048207693182e-24 9.868638093185675e-18 1.0934602268680734e-11 5.5812593445992277e-06 0.98425153944700927 -2.8352698736371916e-06 5.9098701747743823e-12 -1.1884897982955115e-17 2.5941763232851829e-23 -6.5556956859237606e-29 1.9979386327627951e-34 -7.5530799960203031e-40 3.6157595473683834e-45 -2.2266301618211762e-50 1.7859330421935425e-55 -9.7528262250004412e-58 -4.454842715436538e-53 -1.3440447886128368e-48 -2.6671883868339652e-44 -3.4723809434906942e-40 -2.9572186363415874e-36 -1.6421819011740536e-32 -5.9246426289674911e-29 -1.382970110810802e-25 -2.0788245586491739e-22 -2.0012330748765796e-19 -1.2259274865617415e-16 -4.7425182589286609e-14 -1.147983665365306e-11 -1.7192138909992402e-09 -1.5703577465716506e-07 -8.5881475232847916e-06 -0.00027426219450729059 -0.0049349693888506036 -0.047340883356496367 -0.21971172631262886 -0.39613063410127614 -0.011212230112639379 0.70850521447882198 -0.11569616672462983 0.00086241062570603156 -3.1150812178692749e-08 6.9408508051998159e-17 -3.4248287690962156e-33 4.4727922309626956e-61
7.6171651693294706e-58 1.6072676569885281e-50 2.0830695360269089e-43 1.632308055783303e-36 7.575798694250552e-30 2.024641847401447e-23 2.9911121361218735e-17 2.2900931324885688e-11 8.077128890939665e-06 0.98425025124238363 -4.1031653685315577e-06 1.2377351941152163e-11 -3.6022217086090888e-17 1.1378883708986835e-22 -4.1614449615567955e-28 1.8354085379672818e-33 -1.004153205338863e-38 6.9566607949058525e-44 -6.1997607662825812e-49 7.1954500735477319e-54 -4.5261207065415515e-53 -1.3655463428944039e-48 -2.7098571249267921e-44 -3.5279308669426427e-40 -3.0045271743993393e-36 -1.6684529460318742e-32 -6.0194229628143604e-29 -1.4050943761393362e-25 -2.1120808556685648e-22 -2.0332480898155468e-19 -1.2455394376794173e-16 -4.8183873726245304e-14 -1.1663486970748622e-11 -1.7467172573921129e-09 -1.5954797635267176e-07 -8.7255375938202007e-06 -0.00027864974092738391 -0.0050139172071153064 -0.048098225021631615 -0.22322658919063554 -0.40246776405198414 -0.011391550076989965 0.71983967704326035 -0.11754704307968608 0.00087620724847118346 -3.1649155008698235e-08 7.0518888045247014e-17 -3.4796183229655973e-33 4.4727922309626956e-61
0 2.120908620077891e-56 3.0923600248375826e-49 2.769365888763639e-42 1.4995239710656488e-35 4.8089960641383086e-29 8.8807347169447594e-23 9.0658401209744719e-17 4.7962647923517361e-11 1.1689114976542419e-05 0.98424838695658579 -5.9380432862545354e-06 2.5922520974410567e-11 -1.0918050254747758e-16 4.991136779373408e-22 -2.6416127517414633e-27 1.686098628546356e-32 -1.3349823404101302e-37 1.3384490043575385e-42 -1.7262418144745117e-47 2.439964254499642e-52 -1.3873919864495163e-48 -2.7532086776368507e-44 -3.5843697382282862e-40 -3.0525927756223238e-36 -1.695144397644066e-32 -6.1157200336943526e-29 -1.4275726882024635e-25 -2.1458693409057215e-22 -2.0657754286869943e-19 -1.2654652309185245e-16 -4.8954705873694572e-14 -1.1850076160516335e-11 -1.7746607467477407e-09 -1.6210037947891333e-07 -8.8651262369289664e-06 -0.00028310749832833476 -0.0050941283654557428 -0.048867685687014231 -0.22679769568937744 -0.40890629193066474 -0.011573716439058166 0.73135554328281771 -0.11942754310675528 0.00089022469292487862 -3.2155474139574477e-08 7.164704048686738e-17 -3.5352848228895641e-33 4.6672614583958563e-61
0 3.8893845486632136e-62 5.9053966619328851e-55 5.9496560559357567e-48 3.6817717349297542e-41 1.3775413135370493e-34 3.0526732768590795e-28 3.8953767049421708e-22 2.747788209050096e-16 1.0045069526698135e-10 1.6916323002981416e-05 0.98424568896121845 -8.5934448546749396e-06 5.4290805850921814e-11 -3.3091713804505504e-16 2.1892671996253588e-21 -1.6768476662267602e-26 1.5489330954174599e-31 -1.7748046270922772e-36 2.5751493274123971e-41 -4.8064913888783081e-46 -1.3979024004841825e-48 -2.7972540730975089e-44 -3.6417119144962277e-40 -3.1014276669442641e-36 -1.7222630456679682e-32 -6.2135583367654563e-29 -1.4504107646977836e-25 -2.1801986087509502e-22 -2.0988233648512196e-19 -1.2857099342460985e-16 -4.973787507843949e-14 -1.203965167602233e-11 -1.8030514651593722e-09 -1.6469363306527334e-07 -9.0069489436435277e-06 -0.00028763659994630257 -0.0051756232503934975 -0.049649460848794243 -0.23042595248320111 -0.41544784920091143 -0.011758764259861302 0.74305575327660678 -0.12133814745191433 0.00090446654369562122 -3.2669899089487937e-08 7.2793254008263978e-17 -3.5918425103171826e-33 4.6672614583958563e-61
0 0 1.4585192057487051e-60 1.6442813321676185e-53 1.1447051039226156e-46 4.894781471932949e-40 1.2654813605319284e-33 1.9377872516066799e-27 1.7086371755518481e-21 8.3283356928155826e-16 2.1037902397441513e-10 2.4481042300002417e-05 0.98424178440698917 -1.2436284422397913e-05 1.1370372775539008e-10 -1.0029810711613437e-15 9.6027876522894084e-21 -1.0644304487535521e-25 1.4229235166324279e-30 -2.3595264247398332e-35 4.9545294073811591e-40 -1.3384458150868532e-44 -2.8419574806524181e-44 -3.6999720466548595e-40 -3.1510443253874575e-36 -1.7498158185829864e-32 -6.3129628678003268e-29 -1.4736144401196929e-25 -2.2150774290549229e-22 -2.1324003404636627e-19 -1.306278718946917e-16 -5.0533581380273131e-14 -1.2232261935743132e-11 -1.8318966630872751e-09 -1.6732839930308156e-07 -9.1510419230191665e-06 -0.00029223820186810372 -0.0052584226575002335 -0.050443749893902483 -0.23411228400535911 -0.42209409782509194 -0.01194672423416449 0.75494331204970189 -0.12327934762187381 0.0009189364672362193 -3.3192562350562053e-08 7.3957823888993096e-17 -3.6493059544977506e-33 4.6672614583958563e-61
0 0 0 5.919643283065411e-59 4.5782882710360225e-52 2.2023954669302253e-45 6.5074321779679052e-39 1.1625368519253594e-32 1.2300752222088666e-26 7.4946263104548688e-21 2.5242528252259395e-15 4.406070898726631e-10 3.5428540026551607e-05 0.98423613368471863 -1.7997540221133124e-05 2.3813443181585683e-10 -3.0399413894652359e-15 4.2120624734930441e-20 -6.7567809457244948e-25 1.3071617069491253e-29 -3.13688119127791e-34 9.5323842513028186e-39 -4.0150666498154328e-43 -3.7591649244897124e-40 -3.201455507697138e-36 -1.777809800120887e-32 -6.4139591823570597e-29 -1.4971896795431668e-25 -2.2505147677990418e-22 -2.166514986319077e-19 -1.3271768717403265e-16 -5.1342029278895266e-14 -1.2427956436052346e-11 -1.8612037521047959e-09 -1.7000535506357166e-07 -9.2974421843064411e-06 -0.00029691348561803824 -0.0053425478369485161 -0.051250756521390106 -0.23785763426305953 -0.42884673282175506 -0.012137620302377699 0.76702129903900129 -0.12525164764979269 0.00093363822464936235 -3.3723599860808005e-08 7.5141053118523804e-17 -3.7076901047584441e-33 4.861730685829017e-61
0 0 0 0 2.3849511583175392e-57 1.2747648316018233e-50 4.2373748363323864e-44 8.651389027850341e-38 1.0679661705973591e-31 7.8083085506963811e-26 3.2873787571121502e-20 7.6508025048039814e-15 9.2278363585209586e-10 5.1271469230514474e-05 0.98422795582392197 -2.6045604234286262e-05 4.9873327953511232e-10 -9.2137459129417651e-15 1.8475267068550394e-19 -4.28904651448685e-24 1.2008131353649116e-28 -4.1703235371257663e-33 1.8340000958362333e-37 -3.9230605664334311e-40 -3.2526742917481276e-36 -1.8062522526456834e-32 -6.5165734799725976e-29 -1.5211425982351945e-25 -2.2865198165026957e-22 -2.2011761500807487e-19 -1.3484098120150747e-16 -5.2163428397963657e-14 -1.2626785911173134e-11 -1.8909803287058445e-09 -1.7272519405535447e-07 -9.446187653701225e-06 -0.00030166366183137093 -0.0054280205581468469 -0.052070689339485783 -0.24166296940193621 -0.43570748583761815 -0.012331466132954775 0.77929288167641708 -0.12725556648995984 0.00094857569013849963 -3.4263151683322581e-08 7.6343253924636725e-17 -3.7670103657541454e-33 5.0561999132621776e-61
0 0 0 0 0 9.6102063829855098e-56 3.5494160771216303e-49 8.1526407933448924e-43 1.1501694082901515e-36 9.8108799423614569e-31 4.9565769983690428e-25 1.4419459067506421e-19 2.3188914790793769e-14 1.9326239553102215e-09 7.4198828266807106e-05 0.98421612049957063 -3.7692413957329275e-05 1.0445099181957381e-09 -2.7925769604509752e-14 8.1037193447701776e-19 -2.7225715967923771e-23 1.1031108599371046e-27 -5.5442038759497958e-32 3.528155688037824e-36 -3.3050030289447367e-36 -1.8351506507400214e-32 -6.6208327251165534e-29 -1.5454794898275042e-25 -2.3231020344656677e-22 -2.236392936827927e-19 -1.3699831165827949e-16 -5.2997994438743474e-14 -1.2828802562859727e-11 -1.9212342084857863e-09 -1.7548862992134396e-07 -9.5973173418885237e-06 -0.00030648997552404426 -0.0055148632024072108 -0.05290376272074454 -0.2455292813710932 -0.4426781302086284 -0.012528259942899744 0.7917613350232231 -0.12929164148376654 0.0009637528777270897 -3.4811362990144401e-08 7.7564749987731319e-17 -3.8272827064839162e-33 5.0561999132621776e-61
0 0 0 0 0 9.5289921442248732e-61 3.8724411644131038e-54 9.8828818880908724e-48 1.5685541240110965e-41 1.5291055496342091e-35 9.0127637945879743e-30 3.1463436930594662e-24 6.3248090080235176e-19 7.0283411699394097e-14 4.0475617930596471e-09 0.00010737830940850942 0.98419899168076008 -5.4547004559456224e-05 2.1875298458968452e-09 -8.463909820427907e-14 3.5544695319036028e-18 -1.728201756794368e-22 1.0133499319039089e-26 -7.3706434181882637e-31 6.4529780522673316e-35 -1.8645135341809021e-32 -6.7267648221792989e-29 -1.5702068670735601e-25 -2.3602712098769063e-22 -2.2721747677097107e-19 -1.3919025554830635e-16 -5.384595055943052e-14 -1.3034060392571552e-11 -1.9519734755697625e-09 -1.7829640071652885e-07 -9.7508715862440092e-06 -0.00031139371370851783 -0.0056030988968132373 -0.053750198036504292 -0.24945759320542754 -0.44976048820810882 -0.012727976872381837 0.80443007030197433 -0.13136043340100245 0.00097917398013674852 -3.5368385494126493e-08 7.8805879663806669e-17 -3.8885238189634276e-33 5.0561999132621776e-61
0 0 0 0 0 0 5.5579305200397322e-59 1.5604032648198792e-52 2.751757047293801e-46 3.0178690223171764e-40 2.0328842718185317e-34 8.2795624217836024e-29 1.9972370630021538e-23 2.7742445267704394e-18 2.1302165976496495e-13 8.4769119255828356e-09 0.00015539373889952951 0.98417420122529586 -7.8937642937186787e-05 4.5813276477189229e-09 -2.5652665680419723e-13 1.5590515606124393e-17 -1.0969949423334949e-21 9.3088222315313805e-26 -9.7986689316852038e-30 -1.7637358737428489e-32 -6.8343988923226995e-29 -1.5953315211125858e-25 -2.3980375486690028e-22 -2.3085314652269793e-19 -1.4141741440412535e-16 -5.4707529380481408e-14 -1.3242615684374672e-11 -1.9832065544639616e-09 -1.8114927541640433e-07 -9.9068924028251e-06 -0.00031637621645969066 -0.0056927517086739279 -0.054610225449086759 -0.2534489666857771 -0.45695644150903342 -0.01293055775816512 0.81730267651759902 -0.13346253379874717 0.00099484342555386344 -3.5934379539950775e-08 8.0067000691458472e-17 -3.9507513499538905e-33 5.2506691406953383e-61
0 0 0 0 0 0 0 3.2413158482422056e-57 6.2876549717512373e-51 7.6618962145150155e-45 5.8063177380745168e-39 2.7026336510663861e-33 7.6059920078377107e-28 1.2678032002277635e-22 1.216859487883673e-17 6.4564315394277291e-13 1.7753297769793527e-08 0.00022487789339431925 0.98413832094454412 -0.00011423311973167759 9.5945111497748594e-09 -7.7747709284132743e-13 6.8381610811132329e-17 -6.9631803728500536e-21 8.5511163240693023e-25 -1.3028243560670114e-28 -6.9412527034842625e-29 -1.6208606080279554e-25 -2.4364118041987084e-22 -2.3454733776956804e-19 -1.4368042188411686e-16 -5.5582975911061419e-14 -1.3454527709624704e-11 -2.0149423148999543e-09 -1.8404806341328074e-07 -1.0065423999902194e-05 -0.00032143889305704461 -0.0057838469291162627 -0.055484086524558163 -0.2575045134969462 -0.46426794637216739 -0.013135892601750288 0.83038298134455557 -0.13559857579177054 0.0010107659607287843 -3.6509517165441286e-08 8.1348497083459457e-17 -4.0139842402354359e-33 5.445138368128499e-61
0 0 0 0 0 0 0 9.7234613716580339e-62 1.8901677702208069e-55 2.5336131660367976e-49 2.133349455404234e-43 1.1171218140266944e-37 3.5930291341084412e-32 6.9871975102431807e-27 8.0477095323332276e-22 5.337449412449517e-17 1.9568531459887406e-12 3.7180594295429346e-08 0.00032542779803051671 0.98408638742521271 -0.00016530734681602946 2.0093049730331976e-08 -2.3563157082436716e-12 2.9992197311098395e-16 -4.4197764084224857e-20 7.8548962412403863e-24 -1.8022252795924644e-27 -1.6467969407615137e-25 -2.475405467040572e-22 -2.383011561399638e-19 -1.4597995489089589e-16 -5.6472551831705594e-14 -1.3669859758188671e-11 -2.0471902252557633e-09 -1.8699362841168458e-07 -1.0226513529323889e-05 -0.00032658324560028498 -0.0058764114879083524 -0.056372038053445622 -0.26162541153429347 -0.47169705578635307 -0.013343796215056875 0.84367514039164326 -0.13776924984824707 0.0010269467728653561 -3.7093986592242853e-08 8.2650789236518441e-17 -4.0782432223073346e-33 5.445138368128499e-61
0 0 0 0 0 0 0 0 7.5259591016633183e-60 1.1022436350785218e-53 1.0209196311454319e-47 5.9400089531438446e-42 2.1493111315761e-36 4.776754268622758e-31 6.4187174349762075e-26 5.1084620251941595e-21 2.3411201447657299e-16 5.9308840022577198e-12 7.7865973314500195e-08 0.00047092827374580913 0.98401121311285267 -0.00023921093657037796 4.2078143786990518e-08 -7.1411145862235463e-12 1.3154154112285819e-15 -2.805291229058564e-19 7.2151035266407547e-23 -1.9033592701772757e-25 -2.5150309503457422e-22 -2.421158047754375e-19 -1.4831674987838425e-16 -5.7376541775459574e-14 -1.3888680650841294e-11 -2.0799605775567819e-09 -1.8998690880590656e-07 -1.0390212188327754e-05 -0.00033181090363676409 -0.0059704745616346632 -0.057274357651084663 -0.26581292879414697 -0.47924595184188251 -0.013553972317904329 0.85718376830453558 -0.13997532699511617 0.0010433916687077036 -3.7687998824178575e-08 8.3974348786477882e-17 -4.1435515516994879e-33 5.445138368128499e-61
0 0 0 0 0 0 0 0 1.9446922743316068e-62 6.3614773677935521e-58 6.4276862316434098e-52 4.1137915889464291e-46 1.6539077207744916e-40 4.1352010297290777e-35 6.3504286424569171e-30 5.896451363135283e-25 3.2426817118591629e-20 1.0268539973028165e-15 1.7975216410938042e-11 1.6306868346441284e-07 0.00068146513522668751 0.98390238671578567 -0.00034614146704561188 8.8114927739559427e-08 -2.1641093105881942e-11 5.7689509074795561e-15 -1.7804668972296043e-18 6.6254030759023801e-22 -2.5583623708881702e-22 -2.4599262340949692e-19 -1.5069162681348442e-16 -5.8295262557246796e-14 -1.4111066961497414e-11 -2.1132648180706878e-09 -1.9302894761975778e-07 -1.0556576838299962e-05 -0.00033712367503193621 -0.0060660684670591431 -0.058191351982577591 -0.27006845844621041 -0.48691699317719317 -0.013765960556613895 0.87091413163120046 -0.14221769296338324 0.0010601073380802437 -3.8291797357743764e-08 8.531972047059416e-17 -4.2099360832315974e-33 5.6396075955616597e-61
0 0 0 0 0 0 0 0 0 1.1668153645989641e-61 5.3685447182116743e-56 3.74827531032163e-50 1.6576478313308812e-44 4.6050474981885348e-39 7.9559476629589613e-34 8.4424841691826128e-29 5.4166299681868759e-24 2.0583209115113367e-19 4.5038773245714196e-15 5.4477782354574312e-11 3.4149240495544719e-07 0.00098608928659012956 0.98374482115147477 -0.00050084420733816472 1.8450860779879503e-07 -6.5578940101335018e-11 2.529884879468461e-14 -1.1299479931099084e-17 5.8269506090097937e-21 -2.4993721419534189e-19 -1.5310552444465756e-16 -5.9229076759435491e-14 -1.4337106288255371e-11 -2.1471160339181414e-09 -1.9612093657413189e-07 -1.072567238727729e-05 -0.00034252362083597444 -0.006163229975765524 -0.059123368864212877 -0.27439357041584855 -0.49471278465013052 -0.013979058199473008 0.88487243303375829 -0.14449739851645288 0.0010771017423655497 -3.8905672496805079e-08 8.6687554356569171e-17 -4.2774288576087769e-33 5.8340768229948204e-61
0 0 0 0 0 0 0 0 0 3.8893845486632136e-62 6.0674398959146132e-60 4.5306418088179931e-54 2.185787446609214e-48 6.6794572395257478e-43 1.2821977839252718e-37 1.5306794203912513e-32 1.12236272941764e-27 4.9757872717643509e-23 1.3065139497218732e-18 1.9753955493018015e-14 1.6510153004694045e-10 7.1511128573942038e-07 0.0014268071142562728 0.98351664074971346 -0.00072463203476528376 3.8631933163925888e-07 -1.9870511710130762e-10 1.1093312216770704e-13 -7.1703301950748849e-17 -1.9804372126496439e-19 -1.5555960639495349e-16 -6.0178412768366877e-14 -1.4566902077568257e-11 -2.1815296707114576e-09 -1.9926428107413364e-07 -1.0897575303287127e-05 -0.0003480131656775486 -0.0062620022524360087 -0.06007081510216819 -0.27879008738987454 -0.50263627982202852 -0.014192204146988052 0.89906623095780247 -0.14681573378257159 0.0010943846883209383 -3.9529982497801394e-08 8.8078653451494974e-17 -4.3460694451373406e-33 5.8340768229948204e-61
0 0 0 0 0 0 0 0 0 3.8893845486632136e-62 7.7787690973264271e-62 7.3159323360355047e-58 3.8235228549730849e-52 1.2746291380353974e-46 2.6914636480947505e-41 3.570040452161189e-36 2.9449117234948731e-31 1.4920730754784328e-26 4.5707348904613906e-22 8.2928484278944968e-18 8.6637642528683325e-14 5.0033751175106052e-10 1.4974084929810731e-06 0.0020643348369994113 0.98318609979471472 -0.001048293533061333 8.0876463044557502e-07 -6.0199789226582047e-10 4.8636106721718239e-13 -4.5519467997282192e-16 -1.5754183468911646e-16 -6.1143795113457481e-14 -1.4800580755711537e-11 -2.2165245933884243e-09 -2.0246069627065954e-07 -1.1072378807328311e-05 -0.00035359526092028739 -0.0063624377191548488 -0.061034182847733105 -0.28326019705236921 -0.51069093197991011 -0.014403806565332123 0.91350506093116013 -0.14917433833091098 0.001111968677917997 -4.0165184888392959e-08 8.9494044218855535e-17 -4.4159084171443833e-33 5.8340768229948204e-61
0 0 0 0 0 0 0 0 0 0 3.8893845486632136e-62 1.9446922743316068e-61 8.9348730968783727e-56 3.2267710810942115e-50 7.4329120917379936e-45 1.0845101279580501e-39 9.9400190382294624e-35 5.6657070780683225e-30 1.9835268796768821e-25 4.198538025184638e-21 5.2635295516234311e-17 3.7995968590446099e-13 1.5161650729351229e-09 3.1352299699171692e-06 0.0029863831127471367 0.98270707324848394 -0.0015162698358926567 1.6928536571042167e-06 -1.8234579113050636e-09 2.1318919023519645e-12 -3.0464140046384771e-15 -6.2121173309956855e-14 -1.5038302313143305e-11 -2.2521246591868769e-09 -2.0571234948962346e-07 -1.1250200572336931e-05 -0.0003592736265271371 -0.0064646023007477894 -0.062014088648139204 -0.28780661827641141 -0.51888091715378126 -0.014611485551404233 0.92820135861021191 -0.15157536476791431 0.0011298701715700232 -4.0811883024269665e-08 9.0935081410146187e-17 -4.4870125065933809e-33 6.2230152778611417e-61
0 0 0 0 0 0 0 0 0 0 7.7787690973264271e-62 3.8893845486632136e-62 2.8159144132321666e-59 1.091248154379608e-53 2.7231612450142805e-48 4.3344406870211257e-43 4.3699398740209659e-38 2.7675499356097092e-33 1.0900012316327267e-28 2.6367762008123931e-24 3.8564929374303723e-20 3.3406175101756744e-16 1.6662380540784165e-12 4.5939743767304297e-09 6.5636300895558716e-06 0.0043195560612572844 0.98201242695223978 -0.0021926325899041879 3.5424427943211646e-06 -5.5217024334318329e-09 9.3418307012461238e-12 -8.1425513705115804e-14 -1.5280232765781532e-11 -2.2883610599616266e-09 -2.090220722952385e-07 -1.1431194184984698e-05 -0.00036505311108037076 -0.0065685817425822244 -0.063011331537240173 -0.29243284812298337 -0.52721146433713817 -0.014811686392522436 0.9431718378735815 -0.15402172310440823 0.0011481114754170398 -4.1470895653599849e-08 9.2403604711563856e-17 -4.5594723193370035e-33 6.2230152778611417e-61
0 0 0 0 0 0 0 0 0 3.8893845486632136e-62 3.8893845486632136e-62 3.8893845486632136e-62 3.8893845486632136e-62 4.9595098133824101e-57 1.3327919001927742e-51 2.2981568014033393e-46 2.5275839584483744e-41 1.7608105979802564e-36 7.7054020265846892e-32 2.0969443504616135e-27 3.5050152750594135e-23 3.5421056422602218e-19 2.1200309610625772e-15 7.3061932081477935e-12 1.3917804898648173e-08 1.3738518167687351e-05 0.006246381350955065 0.98100420618468276 -0.0031695946265984354 7.4100454743656961e-06 -1.6713634044395947e-08 4.0854607333398678e-11 -1.5642777236795557e-11 -2.3252754330996871e-09 -2.1239367808916315e-07 -1.1615566308954674e-05 -0.00037094023077388139 -0.0066744910659790099 -0.064026979926250102 -0.2971435308320004 -0.53568934622112796 -0.014999092860370452 0.95843956259559704 -0.15651744837833728 0.0011667235813178462 -4.2143361613883325e-08 9.3902174521179424e-17 -4.6334139405262738e-33 5.8340768229948204e-61
0 0 0 0 0 0 0 0 0 3.8893845486632136e-62 7.7787690973264271e-62 3.8893845486632136e-62 7.7787690973264271e-62 3.150401484417203e-60 8.7661722088954704e-55 1.6278189171657546e-49 1.9394903022463796e-44 1.4739269120316625e-39 7.0948485408645568e-35 2.1452752200158319e-30 4.0339277403956129e-26 4.6588611079862627e-22 3.2530715248160831e-18 1.3452657435724939e-14 3.203166007217653e-11 4.2156647852916208e-08 2.8748896896820871e-05 0.009029555561891835 0.97953898544471174 -0.0045795295831341032 1.5491666851541456e-05 -5.0560162392646784e-08 1.633347962501969e-10 -2.3636618755692759e-09 -2.1583243807588303e-07 -1.1803602598164175e-05 -0.00037694398294546653 -0.0067824888332801763 -0.065062502587749205 -0.30194501307365074 -0.5443236121520223 -0.015165725296400962 0.97403709195838006 -0.15906825929951821 0.0011857504842001548 -4.2830899025819469e-08 9.5434430492573546e-17 -4.7090165839149208e-33 6.2230152778611417e-61
0 0 0 0 0 0 0 0 0 3.8893845486632136e-62 7.7787690973264271e-62 3.8893845486632136e-62 7.7787690973264271e-62 7.7787690973264271e-62 7.7888814971529515e-58 1.5495279073738124e-52 1.9881864515124107e-47 1.6368093907759485e-42 8.5949489895227126e-38 2.8586701360624297e-33 5.9724605743759998e-29 7.7596536554818921e-25 6.1919991736611676e-21 2.9872555557126064e-17 8.5349735327893141e-14 1.4040169589788414e-10 1.2765428023827087e-07 6.0136216966958764e-05 0.013046186122560066 0.97740573087759708 -0.0066117370878877599 3.2361161756615817e-05 -1.5283057959529813e-07 -1.6180978146273757e-09 -2.193504818401874e-07 -1.1995707246110382e-05 -0.00038307708824135965 -0.0068927989148377571 -0.066119968297573384 -0.30684618812537295 -0.55312669066146902 -0.015299528369239802 0.99001132216474075 -0.16168241932548186 0.0012052558402101715 -4.3535850871894931e-08 9.7005644721703067e-17 -4.7865398215601704e-33 6.2230152778611417e-61
0 0 0 0 0 0 0 0 0 3.8893845486632136e-62 7.7787690973264271e-62 3.8893845486632136e-62 7.7787690973264271e-62 7.7787690973264271e-62 1.0112399826524355e-60 1.9924896989270387e-55 2.7390856027089016e-50 2.4283929936619771e-45 1.3813781501443424e-40 5.0119484496747907e-36 1.1517848744903253e-31 1.6626412723921257e-27 1.4925115108689083e-23 8.2286028481823438e-20 2.7426727426262096e-16 5.4136763992920751e-13 6.1521498610516972e-10 3.8638623115622649e-07 0.00012572129537573328 0.018835553278804113 0.97429183007726972 -0.009535363991850428 6.7520463657347614e-05 -4.6372181627087171e-07 -2.1952374902410745e-07 -1.2192494004183127e-05 -0.00038935791814823421 -0.0070057442409479226 -0.067202354909507878 -0.31185979817234333 -0.56211606456724073 -0.015382103064806862 1.0064310858283465 -0.16437209060918836 0.001225333443520993 -4.4261671577339239e-08 9.8623592733341686e-17 -4.8663664547167744e-33 6.2230152778611417e-61
0 0 0 0 0 0 0 0 0 3.8893845486632136e-62 7.7787690973264271e-62 3.8893845486632136e-62 7.7787690973264271e-62 1.1668153645989641e-61 7.7787690973264271e-62 3.4774987249597793e-58 5.0977239356029205e-53 4.8421335784541747e-48 2.9661779200914745e-43 1.1658252471134146e-38 2.9225678899626726e-34 4.6404444649884488e-30 4.6281572881715469e-26 2.870365347221951e-22 1.0933033016459085e-18 2.517468418937528e-15 3.4326674231102827e-12 2.6945148823239431e-09 1.1688036587876132e-06 0.00026262022877727428 0.027164412201722016 0.96972996423708402 -0.013729698652108754 0.00014063121472313473 -1.6164377234682335e-06 -1.2379825993334409e-05 -0.00039581374333267434 -0.0071218003315652607 -0.068314038486947629 -0.31700448513207319 -0.57131685191661929 -0.01538493749210915 1.0233994070479744 -0.16715552271362269 0.001246124179020768 -4.5013552879511001e-08 1.0029996398570591e-16 -4.9490719361512858e-33 6.6119537327274631e-61
0 0 0 0 0 0 0 0 0 3.8893845486632136e-62 7.7787690973264271e-62 3.8893845486632136e-62 7.7787690973264271e-62 1.1668153645989641e-61 7.7787690973264271e-62 9.3345229167917126e-61 1.2874718520675943e-55 1.3043835286546849e-50 8.560626300938276e-46 3.6232687274255713e-41 9.8393171714729007e-37 1.704183142253316e-32 1.8694820307392626e-28 1.2881517028866396e-24 5.519206753050651e-21 1.4522422587219073e-17 2.3098979585579561e-14 2.1754680451764911e-11 1.1793486722318916e-08 3.5324257281824666e-06 0.00054793603759297209 0.039113308808908155 0.96301315784706554 -0.019721786002663989 0.00029192870430970664 -1.6779509059151037e-05 -0.00040242002095568772 -0.0072416841084617257 -0.069461591563427849 -0.32230811487404093 -0.58076586082058401 -0.015262850951966245 1.0410740159701692 -0.1700607281024539 0.0012678445270856444 -4.579947692416499e-08 1.0205273605985955e-16 -5.0355412138289098e-33 6.6119537327274631e-61
0 0 0 0 0 0 0 0 0 3.8893845486632136e-62 7.7787690973264271e-62 3.8893845486632136e-62 7.7787690973264271e-62 1.1668153645989641e-61 7.7787690973264271e-62 1.5557538194652854e-61 4.4315647547468655e-58 4.768806272511727e-53 3.3381647706239353e-48 1.5136726096181036e-43 4.4263254033621802e-39 8.3045249115924372e-35 9.9371417381974573e-31 7.5309055483078057e-27 3.5847167161425435e-23 1.0609677713395666e-19 1.9282824823042398e-16 2.1183055790240557e-13 1.3777066409080649e-10 5.1567778304660186e-08 1.0661936147591946e-05 0.0011412201035010895 0.056183777598487951 0.95305565895009126 -0.028227431622598175 0.00059177294681411979 -0.0004219289167978957 -0.0073662174774681783 -0.070655150440892142 -0.32781338676565097 -0.59051813174527623 -0.014941888127026131 1.0597034861757919 -0.17313198305713159 0.0012908370622991747 -4.6632083584576698e-08 1.0391038642611071e-16 -5.1271759883854605e-33 6.6119537327274631e-61
0 0 0 0 0 0 0 0 0 3.8893845486632136e-62 7.7787690973264271e-62 3.8893845486632136e-62 7.7787690973264271e-62 1.1668153645989641e-61 7.7787690973264271e-62 1.1668153645989641e-61 2.1780553472513996e-60 2.3759098949957167e-55 1.7669154697657006e-50 8.5452296068191451e-46 2.6770023415353852e-41 5.4081649605346143e-37 7.009669666258618e-33 5.7943323885830341e-29 3.033379908485505e-25 9.9734334715899444e-22 2.0387633746170506e-18 2.5589608410436846e-15 1.9411021971993397e-12 8.7156663325110498e-10 2.251609873654355e-07 3.2119092293506254e-05 0.0023707101281102605 0.080414695395752911 0.93815949947491473 -0.040191712172660335 0.00082700103244849642 -0.007535163372283939 -0.071909629528620733 -0.3335878932607132 -0.60065787165901419 -0.014295143963169055 1.0796954740330875 -0.17644216579898087 0.0013156664873828134 -4.753222547258553e-08 1.0591991533731445e-16 -5.2262894637491689e-33 7.0008921875937844e-61
0 0 0 0 0 0 0 0 0 3.8893845486632136e-62 7.7787690973264271e-62 3.8893845486632136e-62 7.7787690973264271e-62 1.1668153645989641e-61 7.7787690973264271e-62 1.1668153645989641e-61 1.5557538194652854e-61 1.619345256835929e-57 1.2748364967733814e-52 6.5498553085379337e-48 2.1883652498612604e-43 4.7360005391223246e-39 6.609425157147781e-35 5.9175526176510303e-31 3.3787330045952276e-27 1.2216636834465499e-23 2.7739819651245332e-20 3.9156838930046569e-17 3.393264957206173e-14 1.7767431067142383e-11 5.5052308339425444e-09 9.8106193831887107e-07 9.6483440935185666e-05 0.0049056033699410471 0.11446428881615367 0.91560307337847135 -0.05712261154569951 -0.0051040539063349046 -0.073365160296345114 -0.33973802172094797 -0.61131787465793552 -0.013089129728647342 1.1017585783157335 -0.18011856465670512 0.0013433209995462019 -4.8536432089129787e-08 1.0816370223257693e-16 -5.3369356087146637e-33 7.0008921875937844e-61
0 0 0 0 0 0 0 0 0 3.8893845486632136e-62 7.7787690973264271e-62 3.8893845486632136e-62 7.7787690973264271e-62 1.1668153645989641e-61 7.7787690973264271e-62 1.1668153645989641e-61 1.5557538194652854e-61 1.5324175121733061e-59 1.25874423548964e-54 6.8463392876197999e-50 2.4298974705383972e-45 5.6080554469492771e-41 8.3834165069235075e-37 8.0810173397980312e-33 4.9969861843309386e-29 1.9703656056224366e-25 4.9195457726220158e-22 7.712545200538547e-19 7.5152764549303879e-16 4.4946535657252693e-13 1.623706198417353e-10 3.4695732631661317e-08 4.2614117833743975e-06 0.00028859381470402334 0.010090562329249958 0.16152135664874404 0.8805741714878117 -0.086689806125289967 -0.069641849029759381 -0.34679858469260832 -0.62269042871677915 -0.010847735414896633 1.1272411909646669 -0.18440497259868568 0.0013756981864645062 -4.9714949462381316e-08 1.1080027795721961e-16 -5.466914612739157e-33 7.3898306424601058e-61
0 0 0 0 0 0 0 0 0 3.8893845486632136e-62 7.7787690973264271e-62 3.8893845486632136e-62 7.7787690973264271e-62 1.5557538194652854e-61 7.7787690973264271e-62 1.1668153645989641e-61 1.1668153645989641e-61 3.5004460937968922e-61 1.7075448302459647e-56 9.8008252056708924e-52 3.6821187019600323e-47 9.0265458113234273e-43 1.4388528124492049e-38 1.4854794965274091e-34 9.8882135567171742e-31 4.2220397580058141e-27 1.1493926876330254e-23 1.9809991960578244e-20 2.1434081865344317e-17 1.4410619198555076e-14 5.9444068311587138e-12 1.4804139278442854e-09 2.1793240137175381e-07 1.842244109515824e-05 0.00085740651371792563 0.020551466608298034 0.22436247821609473 0.81903699917683592 -0.18378440596905168 -0.34405291636428537 -0.63616849846033396 -0.0063293440086929558 1.1590924374599738 -0.18984024384097875 0.0014170071478944778 -5.1223882798926483e-08 1.1418227186442756e-16 -5.6335732750579876e-33 7.0008921875937844e-61
0 0 0 0 0 0 0 0 0 7.7787690973264271e-62 7.7787690973264271e-62 3.8893845486632136e-62 1.1668153645989641e-61 1.5557538194652854e-61 7.7787690973264271e-62 1.1668153645989641e-61 1.1668153645989641e-61 1.5557538194652854e-61 3.1974630374560279e-58 1.9303077161760625e-53 7.652032385755952e-49 1.9853718224986802e-44 3.3609679499348594e-40 3.699306082824712e-36 2.6368527271168916e-32 1.2117022263135188e-28 3.570990931085417e-25 6.708632024023399e-22 7.9769016759644528e-19 5.9523609110192568e-16 2.7586812607905145e-13 7.8395128721114384e-11 1.3438219986908798e-08 1.3598679613272813e-06 7.8861760410626341e-05 0.0025093854248981412 0.04084578145237424 0.2975013136975368 0.66411112213686851 -0.50610071901173137 -0.62917741725389409 0.00032231821349755149 1.2045347506789037 -0.19770799999746733 0.0014772550768466649 -5.3434532656204694e-08 1.1914876702445214e-16 -5.8781843771497744e-33 7.7787690973264271e-61
0 0 0 0 0 0 0 0 0 3.8893845486632136e-62 1.1668153645989641e-61 3.8893845486632136e-62 1.1668153645989641e-61 1.1668153645989641e-61 7.7787690973264271e-62 1.1668153645989641e-61 1.5557538194652854e-61 2.3336307291979281e-61 8.4399644705991734e-60 5.2488372405729179e-55 2.1885001304432368e-50 5.9883975007331503e-46 1.0723305410940474e-41 1.2526535853183786e-37 9.5121253809288514e-34 4.6765343078284007e-30 1.4817612431608875e-26 3.0098300943908598e-23 3.8952517859508867e-20 3.1885473988845697e-17 1.6364994545960658e-14 5.2103078183947978e-12 1.0153941254589641e-09 1.190610589339985e-07 8.2093765042430138e-06 0.00032230089192010979 0.0068613666833475312 0.072838929905270008 0.32107027256303611 0.24792630256509221 -0.85949449212529327 0.054646366786779831 1.2583037183271353 -0.20775471360661737 0.0015550394351427574 -5.6293499231863666e-08 1.2557178656102563e-16 -6.194545421489976e-33 8.1677075521927485e-61
0 0 0 0 0 0 0 0 0 3.8893845486632136e-62 7.7787690973264271e-62 0 3.8893845486632136e-62 1.1668153645989641e-61 1.1668153645989641e-61 1.5557538194652854e-61 7.7787690973264271e-62 1.5557538194652854e-61 4.6672614583958563e-61 1.8465514340151879e-56 8.0493480205017146e-52 2.3075645333752329e-47 4.3391249637197013e-43 5.3363182308522891e-39 4.2781544483799731e-35 2.2276576000098053e-31 7.5023951621859652e-28 1.6263877678629276e-24 2.2568339476374045e-21 1.9915087667704076e-18 1.1088737322457802e-15 3.8591199581801308e-13 8.2967583391216253e-11 1.0855869984938573e-08 8.4767097370292088e-07 3.8443973569612526e-05 0.00097296943321523264 0.012868835859355294 0.078071359639149768 0.14326158417715928 -0.19527611039869436 -0.33583186550232236 1.2171781585854269 -0.1899313813658679 0.0013949445951044735 -5.0061461942599445e-08 1.1124689325669757e-16 -5.4923149400062991e-33 7.0008921875937844e-61
-0 -0 -0 -0 -0 -0 -0 -0 -0 -0 -0 -0 -0 -0 -0 -0 -0 -0 -0 -0 -0 -0 -0 -0 -0 -0 -0 -0 -0 -0 -0 -0 -0 -0 -0 -0 -0 -0 -0 -0 -0 -0 -0 -0 -0 -0 -0 -0 -0
-0 -0 -0 -0 -0 -0 -0 -0 -0 -0 -0 -0 -0 -0 -0 -0 -0 -0 -0 -0 -0 -0 -0 -0 -0 -0 -0 -0 -0 -0 -0 -0 -0 -0 -0 -0 -0 -0 -0 -0 -0 -0 -0 -0 -0 -0 -0 -0 -0
0 0 0 0 0 0 0 0 -7.7787690973264271e-62 0 0 0 7.7787690973264271e-62 1.5557538194652854e-61 2.3336307291979281e-61 7.7787690973264271e-62 3.1115076389305709e-61 2.3336307291979281e-61 1.5557538194652854e-61 1.3597288382126595e-58 6.1666679747877653e-54 1.8467305121125222e-49 3.6349130848578801e-45 4.6897137295917581e-41 3.9540920275274214e-37 2.1712881328209008e-33 7.7353994012151188e-30 1.7800238362583949e-26 2.6322765827904525e-23 2.4866196499340587e-20 1.4900040116212337e-17 5.615157120392385e-15 1.3169699420760855e-12 1.8970548299898727e-10 1.6496107949175623e-08 8.4583187356278776e-07 2.4719065383473827e-05 0.00039009501946674345 0.003005377309683443 0.0086592452964643647 -0.0031199984542994615 -0.032992271038855769 0.057229387107169773 1.0198900022460873 -0.021868402887452922 1.874177526479399e-06 -9.1468005412427267e-15 4.8898431224673471e-31 -1.0120178595621682e-58
0 0 0 0 0 0 0 0 0 0 3.8893845486632136e-62 0 0 7.7787690973264271e-62 1.1668153645989641e-61 1.1668153645989641e-61 1.5557538194652854e-61 1.9446922743316068e-61 2.7225691840642495e-61 7.1175737240536808e-60 3.124250818465811e-55 9.3684779528974518e-51 1.8466089518744468e-46 2.3861242522078944e-42 2.0151916614425895e-38 1.1085998800922769e-34 3.9573299627393644e-31 9.1262699722842109e-28 1.3528413089333542e-24 1.281415212138258e-21 7.7014506665822489e-19 2.9121881749005527e-16 6.8566365030912969e-14 9.92085579308275e-12 8.6718734202194273e-10 4.4741772882998183e-08 1.3175523770328266e-06 2.0996234886266416e-05 0.00016397657238308511 0.00048420987917533858 -0.00014448288115317319 -0.0018840936182535025 0.0030407934257106997 0.0627918269827792 0.98356967422452413 -0.00025325121497260929 2.9036531532044943e-12 -2.6343009399694272e-28 5.7227781947502738e-56
0 0 0 0 0 0 0 0 0 0 0 0 0 0 0 0 1.9446922743316068e-62 3.8893845486632136e-62 5.8340768229948204e-62 7.7787690973264271e-62 1.3820927993674729e-58 4.1430339318526922e-54 8.1711562081520114e-50 1.0565355090897825e-45 8.9292802297630747e-42 4.9160291444478589e-38 1.7563722867468778e-34 4.0543682867262818e-31 6.0164489982963041e-28 5.7056284806213778e-25 3.4337943723885436e-22 1.3004440075168917e-19 3.06729306174531e-17 4.4472613393079562e-15 3.8969068102211777e-13 2.0165214320416982e-11 5.9600150258247739e-10 9.5428800224702634e-09 7.5027657796753086e-08 2.2424837502067244e-07 -5.9953182708491146e-08 -8.8148867045892418e-07 1.3685865900624371e-06 3.0465544991689338e-05 0.00072129756037333137 0.98425432726523587 -3.3873726791126207e-08 6.8853535584645358e-24 -7.0840174735077144e-52
0 0 0 0 0 0 0 0 0 0 0 0 0 0 0 0 0 0 0 0 0 2.218164625409489e-61 4.362307577978224e-57 5.6421619915560668e-53 4.7700115427423903e-49 2.6270822746416201e-45 9.3896433276463641e-42 2.1684474298408547e-38 3.219456238528543e-35 3.0548519677579006e-32 1.8396651282229435e-29 6.9722772126697301e-27 1.6459137630116271e-24 2.3887831456227144e-22 2.0956483251526739e-20 1.0859885913073382e-18 3.2154968319058539e-17 5.1605268386416531e-16 4.0707327834459662e-15 1.2240206869488352e-14 -3.0821666041150006e-15 -4.8355463030081227e-14 7.3580854215067828e-14 1.7014012541639411e-12 4.7165011243007582e-11 9.6499614107159766e-08 0.98425442009636477 -5.987589209258885e-16 5.9407387533196186e-45
2.9673649205499371e-66 2.9673649205499371e-66 2.9673649205499371e-66 1.1869459682199748e-66 1.7804189523299623e-66 1.7804189523299623e-66 1.7804189523299623e-66 2.3738919364399497e-66 2.9673649205499371e-66 1.7804189523299623e-66 1.7804189523299623e-66 2.3738919364399497e-66 1.7804189523299623e-66 2.9673649205499371e-66 2.3738919364399497e-66 2.3738919364399497e-66 2.3738919364399497e-66 2.3738919364399497e-66 2.3738919364399497e-66 1.7804189523299623e-66 3.5608379046599245e-66 1.7804189523299623e-66 1.7804189523299623e-66 1.7804189523299623e-66 4.3382875138440081e-64 2.3828925477169618e-60 8.5217535760163114e-57 1.9694699125732554e-53 2.9267871200996623e-50 2.7804709571568259e-47 1.6769999306320958e-44 6.3684626795552024e-42 1.5073565810815112e-39 2.1956147890394686e-37 1.9361230010452534e-35 1.0111197128945382e-33 3.0317838880704172e-32 4.9791739463937975e-31 4.1336426107188738e-30 1.468713635397932e-29 1.2458575371777164e-29 -9.025343133054434e-30 1.2548758491725537e-28 1.7162253119095097e-27 4.8265359177024217e-26 1.1179406578270288e-22 1.7057469639449671e-15 0.98425442009565056 -5.5797097696349831e-31
0 0 0 0 0 0 0 0 0 0 0 0 0 0 0 0 0 0 0 0 0 0 3.4544674220377779e-77 3.4544674220377779e-77 6.9089348440755557e-77 3.4544674220377779e-77 3.4544674220377779e-77 6.9089348440755557e-77 1.3817869688151111e-76 6.1834966854476224e-75 4.7303404196932107e-72 2.3283073116286465e-69 7.2339916714280595e-67 1.4092280939877279e-64 1.7066121916882119e-62 1.2708676208822718e-60 5.7376294693606076e-59 1.5410559923267641e-57 2.3979100452266442e-56 2.0786873542289263e-55 9.5764125271756481e-55 2.4060264840989763e-54 4.5074479120166244e-54 1.3500488623217483e-53 2.1262545665928595e-52 1.2350033385756198e-49 9.3974981370770181e-44 1.5895500954755293e-30 0.98425442009461506
-0 -0 -0 -0 -0 -0 -0 -0 -0 -0 -0 -0 -0 -0 -0 -0 -0 -0 -0 -0 -0 -0 -0 -0 -0 -0 -0 -0 -0 -0 -0 -0 -0 -0 -0 -0 -0 -0 -0 -0 -0 -0 -0 -0 -0 -0 -0 -0 -0
