# k center radius Phi_lo Phi_hi ratio
-40 0.58888967381395418 0.00011961351590472138 0.58878211165933059 0.58899723598960985 0.89924767148673446
-39 0.5983104244361046 0.00010922435704067099 0.59821221252373702 0.59840863636767438 0.8991761016566121
-38 0.60788188610791327 9.9723582672590739e-05 0.60779222489162454 0.60797154734172687 0.89909759969185155
-37 0.61760647117960943 9.1035125091260008e-05 0.61752462957436638 0.61768831280085157 0.89901146574024515
-36 0.62748663123013748 8.3089426317697944e-05 0.62741194075307427 0.62756132172179835 0.89891692566612502
-35 0.63752485799444081 7.5822880343259303e-05 0.63745670740810001 0.63759300859410395 0.89881312019031145
-34 0.64772368444656159 6.9177322954846546e-05 0.64766151486126522 0.64778585404400624 0.89869909370776735
-33 0.65808568610732621 6.3099565021873459e-05 0.65802898650361696 0.65814238572211847 0.89857378212688355
-32 0.66861348267776866 5.7540965459274384e-05 0.66856178581315451 0.66866517955248639 0.8984359978165819
-31 0.67930974014682055 5.2457040385077989e-05 0.6792626188143015 0.67935686148854768 0.89828441294477046
-30 0.69017717359175235 4.78071052634327e-05 0.69013423720040645 0.69022010999148631 0.89811753916845716
-29 0.70121855099246699 4.355394706562393e-05 0.70117944244309782 0.70125765954947961 0.89793370400360462
-28 0.71243669853189684 3.9663523693241559e-05 0.71240109136318785 0.71247230570756437 0.89773102215818501
-27 0.72383450807699234 3.6104688089468513e-05 0.72380210385997679 0.72386691230033895 0.89750736154557598
-26 0.73541494786194672 3.2848934616291011e-05 0.73538547382272912 0.73544442190692094 0.89726030139202972
-25 0.74718107787680887 2.9870165396823902e-05 0.74715428472958123 0.74720787102926955 0.89698708074542721
-24 0.75913607217399903 2.7144474412472793e-05 0.75911173214836625 0.7591604122043859 0.89668453391335923
-23 0.77128325135089926 2.4649947204522588e-05 0.77126115639947601 0.7713053463066375 0.89634900857657884
-22 0.7836261300099836 2.2366474060987916e-05 0.78360609018412308 0.78364616983975766 0.895976259798964
-21 0.79616848627943226 2.0275574578304621e-05 0.79615032826284793 0.79618664429956265 0.89556131000189954
-20 0.80891446385804455 1.8360231488055267e-05 0.80889802964998903 0.80893089806930818 0.89509826029802675
-19 0.82186872207546069 1.6604731661583898e-05 0.82185386781700165 0.82188357633682174 0.89458003078837944
-18 0.83503665697043328 1.4994512309571844e-05 0.83502325190914239 0.83505006203434062 0.89399799277156489
-17 0.84842472769182065 1.3516010691994879e-05 0.8484126532817361 0.84843680210425843 0.89334143875237448
-16 0.86204093969713635 1.2156516352785423e-05 0.86203008883170829 0.86205179056468095 0.89259679580097384
-15 0.87589556266116131 1.0904026360872099e-05 0.87588583903647332 0.87590528628774567 0.89174643040566726
-14 0.89000220246643136 9.7471069103994227e-06 0.88999352006899501 0.89001088486556257 0.89076678967650402
-13 0.90437941327101568 8.6747699602067411e-06 0.90437169597657885 0.9043871305669563 0.8896254282274495
-12 0.9190531461673318 7.6763830112748014e-06 0.91904632742089476 0.91905996491509845 0.88827612648180676
-11 0.9340605217928013 6.7416459026255108e-06 0.93405454430951118 0.93406649927725571 0.88665061036259174
-10 0.9494557604860131 5.8606930531256156e-06 0.94945057586003323 0.94946094511300139 0.88464400733646631
-9 0.96531977009643533 5.0244135758031841e-06 0.96531533812062342 0.96532420207228797 0.88208818517480314
-8 0.9817762686990491 4.2251187618947939e-06 0.98177255608863268 0.98177998130946043 0.87869965926442262
-7 0.99902041969914424 3.4577172003814444e-06 0.99901739775032228 0.99902344164796297 0.87397223278526537
-6 1.0173737400069047 2.7223530234762997e-06 1.0173713798861286 1.0173761001276744 0.86694148620451239
-5 1.037401727551112 2.0264578589710494e-06 1.0373999937363672 1.0374034613658505 0.85558884790566991
-4 1.0602096661842879 1.3796748896531812e-06 1.060208514474646 1.0602108178939227 0.83476886512542314
-3 1.0882559677079471 8.1111487632941029e-07 1.0882553277026907 1.088256607713195 0.78904391353708836
-2 1.1254933885422758 3.6214608482219305e-07 1.1254931526091734 1.1254936244753659 0.65148599495164849
-1 1.1510172627396245 1.7953444666152106e-07 1.1510171911571079 1.151017334322161 0.39871199035065236
2 0.078538767066467646 4.6692108124819665e-09 0.078538763570625142 0.078538770562313162 0.74870158068227799
3 0.0012945666816841924 2.2838573625957379e-10 0.0012945664877755875 0.00129456687559284 0.84904009671592884
4 2.4337036311403412e-07 1.0183092279908178e-13 2.4337027365686762e-07 2.4337045258296951e-07 0.87860281466610546
5 6.0422336021990891e-15 5.1391154002824922e-20 6.0421955248970926e-15 6.0422826387431201e-15 0.95418258224543007
6 2.6348022312126516e-30 3.2896120266208604e-20 -2.0606510251177025e-20 2.0606510257673626e-20 0.62641156733021031
7 3.5223256027349914e-61 2.0936160223273501e-20 -9.8425451630354927e-21 9.8425451630354927e-21 0.47012179206071009
8 0 9.9999999999999995e-21 -0 9.8425452521900168e-32 9.842545252190018e-12
G 1.0159973700253735 1.0159975686419338
returnTime 0.35526885051173779 0.3552688662341294 sEnd 0.37526886623412942
epsFactor 0.99969438148011402
