-50 0.24977475099443658 0.24977475099420857 0.24977475099467825
-49 0.25637589990585258 0.25637589990561627 0.25637589990609838
-48 0.26315150799858189 0.2631515079983382 0.26315150799883291
-47 0.27010618649131202 0.27010618649106155 0.27010618649156931
-46 0.27724466867644348 0.27724466867618458 0.27724466867670583
-45 0.28457181322493619 0.28457181322467162 0.28457181322520664
-44 0.29209260760842354 0.29209260760815042 0.29209260760869943
-43 0.29981217165306118 0.29981217165278068 0.29981217165334428
-42 0.30773576124435176 0.30773576124406515 0.30773576124464352
-41 0.31586877220860554 0.31586877220830933 0.31586877220890308
-40 0.32421674440568704 0.32421674440538423 0.32421674440599368
-39 0.33278536608002146 0.33278536607971049 0.33278536608033599
-38 0.3415804785337716 0.34158047853345136 0.3415804785340934
-37 0.35060808120961112 0.35060808120928344 0.35060808120994241
-36 0.35987433730280621 0.35987433730247043 0.35987433730314677
-35 0.36938558006697159 0.3693855800666262 0.36938558006732031
-34 0.37914832003952659 0.37914832003917071 0.37914832003988314
-33 0.38916925349797432 0.38916925349761111 0.38916925349834253
-32 0.39945527257573327 0.3994552725753599 0.39945527257611041
-31 0.41001347762874257 0.41001347762835882 0.41001347762912921
-30 0.42085119266880555 0.42085119266841264 0.42085119266920346
-29 0.43197598499041057 0.43197598499000661 0.43197598499081824
-28 0.44339569054816413 0.44339569054775008 0.44339569054858319
-27 0.45511844723839912 0.45511844723797357 0.45511844723882872
-26 0.4671527390661756 0.46715273906573834 0.46715273906661609
-25 0.47950745532962713 0.47950745532917893 0.47950745533007982
-24 0.4921919705571321 0.49219197055667174 0.49219197055759717
-23 0.50521625317453212 0.50521625317405938 0.5052162531750094
-22 0.51859101402661933 0.51859101402613428 0.51859101402710972
-21 0.53232791031927829 0.5323279103187798 0.53232791031978111
-20 0.54643982686427905 0.54643982686376757 0.54643982686479597
-19 0.56094126557184598 0.56094126557132151 0.56094126557237667
-18 0.57584888729809502 0.57584888729755535 0.57584888729863903
-17 0.59118226955977382 0.59118226955922049 0.5911822695603336
-16 0.60696497278182693 0.60696497278125772 0.60696497278240102
-15 0.62322605255999686 0.62322605255941366 0.62322605256058805
-14 0.64000222624768954 0.64000222624708947 0.64000222624829606
-13 0.65734101782068688 0.6573410178200686 0.65734101782130927
-12 0.67530540109887383 0.67530540109823933 0.67530540109951542
-11 0.69398080891883995 0.6939808089181877 0.69398080891950142
-10 0.71348602362176683 0.71348602362109326 0.7134860236224474
-9 0.73399074558915034 0.73399074558845445 0.73399074558985222
-8 0.75574535931554143 0.75574535931482156 0.75574535931626718
-7 0.77913474705921826 0.77913474705847197 0.7791347470599721
-6 0.80478462551967656 0.80478462551889807 0.80478462552046204
-5 0.83380130958111787 0.83380130958029974 0.83380130958194276
-4 0.86843711457658257 0.86843711457571127 0.86843711457745942
-3 0.9143377828410173 0.91433778284006395 0.91433778284197376
-2 0.98548467929442984 0.98548467929333994 0.98548467929551475
-1 1.078654791562017 1.0786547915608433 1.0786547915632088
0 1 1 1
1 0.5 0.5 0.5
2 0.07033396228825374 0.070333962287921784 0.070333962288587223
3 0.00084815808148013157 0.00084815808147250074 0.00084815808148777747
4 7.8223549709799294e-08 7.8223549728264242e-08 7.822354973145344e-08
5 4.2925181992309488e-16 4.2925181438614334e-16 4.2925257254665674e-16
6 8.4049430935958834e-33 8.4023819541101994e-33 1.5480389687731259e-32
7 2.0756584471975665e-66 -2.0201118060562659e-63 7.7562151706108167e-60
8 0 0 0
