3.5931785716081675e-07 0.97425189423765823 -1.8440702915742993e-07 2.3473428244026615e-14 -2.6792124304259791e-21 3.0847635372969371e-28 -3.8216370361367472e-35 5.3066274160268516e-42 -8.4950085423915796e-49 1.600442070052516e-55 -3.4032114800803119e-62 0 0 0 0 0 0 9.7234613716580339e-63 4.861730685829017e-63 -4.861730685829017e-63 1.4585192057487051e-62 9.7234613716580339e-63 1.4585192057487051e-62 9.7234613716580339e-63 9.7234613716580339e-63 4.861730685829017e-63 9.7234613716580339e-63 -2.9121766808115812e-60 -6.3454890802601348e-56 -9.8042623637965481e-52 -1.0768597288318456e-47 -8.3901456528824094e-44 -4.6261844351306675e-40 -1.8004709939048366e-36 -4.9316967107535461e-33 -9.4762784462198952e-30 -1.2726577390185245e-26 -1.189591148344139e-23 -7.7020342769905979e-21 -3.4348553843639617e-18 -1.0482319013759439e-15 -2.1719991916284572e-13 -3.0269823888815091e-11 -2.8044110380718758e-09 -1.7019601372132184e-07 -6.6371250855898108e-06 -0.00016202528466158802 -0.0023845495068786169 -0.019939451962220526 -0.085177208402930943 -0.14709610457694441 -0.011108500448117304 0.23829617390591809 -0.03680041027996301 0.00020967983091855583 -3.9338821250236738e-09 2.0880245218503269e-18 -4.4520336581394796e-36 4.861730685829017e-63
8.9120824728686349e-14 4.8328313469596336e-07 0.97425182893546358 -2.4802775030050783e-07 4.2464122909275176e-14 -6.5189195480032728e-21 1.0095159599772542e-27 -1.6821456262968002e-34 3.1416340777475328e-41 -6.7643127661819376e-48 1.7140468505244242e-54 -5.2020518338370481e-61 0 0 0 0 0 9.7234613716580339e-63 4.861730685829017e-63 -4.861730685829017e-63 1.4585192057487051e-62 9.7234613716580339e-63 1.4585192057487051e-62 1.4585192057487051e-62 9.7234613716580339e-63 4.861730685829017e-63 9.7234613716580339e-63 -2.9851026410990164e-60 -6.5131905908832581e-56 -1.0063373437456596e-51 -1.1053194201340305e-47 -8.6118838688299255e-44 -4.7484471377045639e-40 -1.8480545808806114e-36 -5.0620336170118668e-33 -9.7267214249059195e-30 -1.3062920603858636e-26 -1.2210301516974314e-23 -7.9055868012494677e-21 -3.5256331526171414e-18 -1.0759350043499794e-15 -2.2294016776922696e-13 -3.1069807215321719e-11 -2.8785271634456061e-09 -1.7469402376940891e-07 -6.8125337480821499e-06 -0.00016630735526380314 -0.0024475693573040649 -0.020466419948759879 -0.087428306386858584 -0.15098361993932435 -0.011402078946195481 0.24459396449530382 -0.037772986941942095 0.00021522133757507703 -4.0378484169855029e-09 2.1432077131606841e-18 -4.5696938781189518e-36 4.861730685829017e-63
1.9820342827368061e-20 1.6122220552380694e-13 6.500165921250486e-07 0.97425174110387724 -3.3359771531564883e-07 7.6818847386238827e-14 -1.586149385978496e-20 3.3037296220976339e-27 -7.4041932696640752e-34 1.8599129179555285e-40 -5.3862134373462054e-47 1.835715820147897e-53 -7.4822035254908571e-60 0 0 0 0 9.7234613716580339e-63 4.861730685829017e-63 -4.861730685829017e-63 1.4585192057487051e-62 9.7234613716580339e-63 1.4585192057487051e-62 1.4585192057487051e-62 9.7234613716580339e-63 4.861730685829017e-63 9.7234613716580339e-63 -3.0677520627581097e-60 -6.6853240551995831e-56 -1.0329332468571314e-51 -1.1345312628236574e-47 -8.8394823277206389e-44 -4.8739410791024439e-40 -1.8968957380598581e-36 -5.1958151523517442e-33 -9.9837832744803847e-30 -1.3408152915876339e-26 -1.253300045569119e-23 -8.1145189444701526e-21 -3.6188100549137001e-18 -1.1043702629681996e-15 -2.2883212339790096e-13 -3.1890933020350771e-11 -2.9546020777703167e-09 -1.7931091013094179e-07 -6.9925782235093633e-06 -0.00017070259516670572 -0.0025122547363189375 -0.021007314975143881 -0.0897388977613226 -0.15497387675785537 -0.011703415752708651 0.25105819776151117 -0.03877126761236839 0.00022090929954444641 -4.144562413167446e-09 2.1998493302098001e-18 -4.6904637168791359e-36 4.861730685829017e-63
4.446591400320283e-27 4.8225823462380762e-20 2.9165571709097189e-13 8.7427334154123722e-07 0.97425162297020096 -4.4868944041947254e-07 1.3896755110449e-13 -3.8593356024665248e-20 1.0811745196146099e-26 -3.2590566170907886e-33 1.1011072813209092e-39 -4.2888757319804712e-46 1.9660214683249291e-52 -1.0774567545934267e-58 0 0 0 1.4585192057487051e-62 4.861730685829017e-63 -4.861730685829017e-63 1.4585192057487051e-62 9.7234613716580339e-63 1.4585192057487051e-62 1.4585192057487051e-62 9.7234613716580339e-63 4.861730685829017e-63 9.7234613716580339e-63 -3.145539753731374e-60 -6.8620066409186383e-56 -1.0602320463555222e-51 -1.1645151379048742e-47 -9.0730959285543738e-44 -5.0027516679989917e-40 -1.9470277057542553e-36 -5.3331323657831133e-33 -1.0247638946003328e-29 -1.3762509284257452e-26 -1.286422792179391e-23 -8.3289729014847291e-21 -3.7144495054723225e-18 -1.1335570296538466e-15 -2.3487979598440768e-13 -3.2733760143695488e-11 -3.0326875558805803e-09 -1.8404981494897876e-07 -7.1773810456806179e-06 -0.00017521399565561537 -0.0025786496669682529 -0.021562505157474553 -0.092110555027246258 -0.15906959058064907 -0.012012715717270311 0.25769327335225362 -0.039795931747918158 0.00022674758824224511 -4.254096747051608e-09 2.2579879254829866e-18 -4.8144253750266248e-36 4.861730685829017e-63
1.0733864495087615e-33 1.4551861285632149e-26 1.1734055093043019e-19 5.2761377059214563e-13 1.175898989651739e-06 0.97425146408012619 -6.0348796463759144e-07 2.5139637324097543e-13 -9.3903330100258547e-20 3.5382384858954301e-26 -1.4345182172538948e-32 6.5187852531697472e-39 -3.4150998072601487e-45 2.1055769589361739e-51 -1.5520637658747412e-57 0 0 9.7234613716580339e-63 4.861730685829017e-63 -4.861730685829017e-63 1.4585192057487051e-62 9.7234613716580339e-63 1.4585192057487051e-62 1.4585192057487051e-62 9.7234613716580339e-63 4.861730685829017e-63 9.7234613716580339e-63 -3.2281891753904673e-60 -7.0433589189614323e-56 -1.0882523222683769e-51 -1.1952914528901542e-47 -9.3128836725103296e-44 -5.134966574935735e-40 -1.998484604572129e-36 -5.4740787175421955e-33 -1.0518468023701757e-29 -1.4126230889308952e-26 -1.320420935361703e-23 -8.5490946327743465e-21 -3.8126165978582035e-18 -1.1635151693211599e-15 -2.4108730165461148e-13 -3.3598862224096561e-11 -3.1128367436732429e-09 -1.8891396357321453e-07 -7.3670679931413914e-06 -0.00017984462722392825 -0.0026467993379631271 -0.022132368358389928 -0.09454489231509644 -0.16327354882101741 -0.012330189031012592 0.26450370750875968 -0.040847676815896516 0.00023274017771792333 -4.3665259778246689e-09 2.3176630736330176e-18 -4.9416632325933359e-36 4.861730685829017e-63
2.9042004372839901e-40 4.724656803003319e-33 4.7622243867293405e-26 2.8550688642074585e-19 9.5446880610670367e-13 1.5815858898326152e-06 0.97425125037256266 -8.1169216805544557e-07 4.5478338792805985e-13 -2.2848065133339565e-19 1.1579195753457966e-25 -6.3142276505969366e-32 3.8592573156544078e-38 -2.7193392020764893e-44 2.2550390238194083e-50 -2.2357086667623716e-56 2.9170384114974102e-62 9.7234613716580339e-63 0 0 9.7234613716580339e-63 9.7234613716580339e-63 1.9446922743316068e-62 1.9446922743316068e-62 9.7234613716580339e-63 0 9.7234613716580339e-63 -3.3157003277353896e-60 -7.229503404941248e-56 -1.1170131469950154e-51 -1.2268811561281159e-47 -9.5590087745761225e-44 -5.2706757938692952e-40 -2.0513014593715935e-36 -5.6187501446991483e-33 -1.0796454851029109e-29 -1.4499565302913587e-26 -1.3553176163856595e-23 -8.7750339669076309e-21 -3.9133781506634876e-18 -1.1942650733145589e-15 -2.4745886561265105e-13 -3.4486828101661512e-11 -3.1951041953839016e-09 -1.9390666682173575e-07 -7.5617681773489473e-06 -0.00018459764172477084 -0.0027167501353277247 -0.022717292451431365 -0.097043566512061197 -0.16758861269392231 -0.012656051340249559 0.27149413626811553 -0.041927218790654683 0.00023889114748846315 -4.4819266435990992e-09 2.3789153997451111e-18 -5.0722639092968448e-36 9.7234613716580339e-63
9.058851042661153e-47 1.7193471986861361e-39 2.0796220641780255e-32 1.5584797363831262e-25 6.946803984449565e-19 1.7266620443480338e-12 2.1272352641780855e-06 0.97425096293526625 -1.0917270411052157e-06 8.2271639424558508e-13 -5.5592709790419601e-19 3.7893932894740256e-25 -2.7792934935177992e-31 2.2847612637033401e-37 -2.1653266819056211e-43 2.415111077219394e-49 -3.2204857631187712e-55 5.3479037544119187e-61 9.7234613716580339e-63 0 1.9446922743316068e-62 1.9446922743316068e-62 9.7234613716580339e-63 1.9446922743316068e-62 1.9446922743316068e-62 0 9.7234613716580339e-63 -3.4032114800803119e-60 -7.4205694208943283e-56 -1.1465340988999317e-51 -1.259305751667116e-47 -9.8116387793498862e-44 -5.4099717060198325e-40 -2.1055142241085676e-36 -5.7672451292158017e-33 -1.1081788661430275e-29 -1.4882766664133927e-26 -1.3911365903699115e-23 -9.0069447067964169e-21 -4.0168027548886965e-18 -1.225827673866415e-15 -2.5399882513621637e-13 -3.5398262235220136e-11 -3.2795459122446854e-09 -1.9903132332641316e-07 -7.7616141340994613e-06 -0.00018947627460169601 -0.0027885496752021559 -0.023317675594976807 -0.099608278429273597 -0.1720177192177248 -0.012990523852656621 0.27866931879627665 -0.043035292670901282 0.0002452046854930716 -4.6003773169271033e-09 2.441786608825022e-18 -5.2063163274065113e-36 9.7234613716580339e-63
3.3254509982690039e-53 7.2132828630275632e-46 1.0178893742186598e-38 9.153739874900263e-32 5.1002616993564977e-25 1.6902599090819542e-18 3.1235821055048453e-12 2.8611342478016674e-06 0.97425057633114243 -1.468374179247942e-06 1.488317800422144e-12 -1.3526524827549727e-18 1.2401121322408738e-24 -1.2233439971492595e-30 1.3526267047390857e-36 -1.7241837726873533e-42 2.5865465583568807e-48 -4.6390357863408297e-54 1.0083229442409381e-59 -9.7234613716580339e-63 9.7234613716580339e-63 9.7234613716580339e-63 1.9446922743316068e-62 1.9446922743316068e-62 9.7234613716580339e-63 9.7234613716580339e-63 9.7234613716580339e-63 -3.4907226324252342e-60 -7.6166819132992992e-56 -1.1768352763680577e-51 -1.2925873147287681e-47 -1.0070945681592571e-43 -5.5529491463375438e-40 -2.1611598077032336e-36 -5.9196647687916053e-33 -1.1374663714461028e-29 -1.5276095862002563e-26 -1.4279022433662613e-23 -9.2449847402934443e-21 -4.1229608232585585e-18 -1.2582244591444472e-15 -2.6071163269382456e-13 -3.6333785136652576e-11 -3.3662193827110722e-09 -2.0429142197325142e-07 -7.9667419186444838e-06 -0.00019448384720897923 -0.0028622468379539121 -0.023933926516977955 -0.10224077401406018 -0.17656388328837028 -0.01333383343179838 0.2860341408727422 -0.044172653021420656 0.00025168509118967064 -4.7219586630052505e-09 2.5063195167238381e-18 -5.3439117776699803e-36 9.7234613716580339e-63
1.4594915518858709e-59 3.5615024704766125e-52 5.7437140572872341e-45 6.0261173209015758e-38 4.0291433398089261e-31 1.6691053751599162e-24 4.1126516169130722e-18 5.650650988189502e-12 3.8482289937426796e-06 0.97425005634708428 -1.9749647837874984e-06 2.6924097463800033e-12 -3.2912023959543443e-18 4.0583753920681839e-24 -5.3847158751744442e-30 8.0078354559526823e-36 -1.3729154412662065e-41 2.7701525240121213e-47 -6.6824293953344326e-53 1.9513042280643342e-58 1.9446922743316068e-62 9.7234613716580339e-63 1.9446922743316068e-62 1.9446922743316068e-62 9.7234613716580339e-63 9.7234613716580339e-63 1.9446922743316068e-62 -3.5879572461418145e-60 -7.8179808999999125e-56 -1.2079373125163598e-51 -1.3267485078898977e-47 -1.033710605229759e-43 -5.6997054730098169e-40 -2.2182761010892435e-36 -6.0761128509472183e-33 -1.1675279438124325e-29 -1.5679820726654901e-26 -1.4656396102228736e-23 -9.4893161558291624e-21 -4.2319246417824175e-18 -1.2914774889831339e-15 -2.6760185920358671e-13 -3.7294033824895057e-11 -3.4551836245070669e-09 -2.096905444527261e-07 -8.1772912050776617e-06 -0.00019962376923551883 -0.0029378918038000922 -0.024566464812140167 -0.10494284561378577 -0.18123019983533251 -0.013686212674192592 0.29359361855505595 -0.045340074543922741 0.00025833677882114333 -4.8467535011059069e-09 2.5725580827872798e-18 -5.4851439889126097e-36 9.7234613716580339e-63
0 2.1023095831661835e-58 3.8143097652830266e-51 4.5735420186256258e-44 3.5675871668491518e-37 1.773482349872589e-30 5.4622936371160435e-24 1.0006687411819849e-17 1.0222191364642358e-11 5.1758719609769303e-06 0.97424935696609449 -2.6563292203963534e-06 4.8706460398208444e-12 -8.0079785565848816e-18 1.3281387733856403e-23 -2.3701564136989908e-29 4.7408083093223772e-35 -1.0932114560993133e-40 2.9667935144133418e-46 -9.6259021845225446e-52 3.7806179097598468e-57 -9.7234613716580339e-63 1.9446922743316068e-62 1.9446922743316068e-62 9.7234613716580339e-63 9.7234613716580339e-63 9.7234613716580339e-63 -3.6754683984867368e-60 -8.0245986200708227e-56 -1.2398613907708242e-51 -1.3618125981057911e-47 -1.0610301171311564e-43 -5.8503406405784655e-40 -2.2769020056670271e-36 -6.2366959309513487e-33 -1.1983840578585389e-29 -1.6094216230362628e-26 -1.5043743933719623e-23 -9.7401053640268754e-21 -4.3437684239770284e-18 -1.3256094114262737e-15 -2.746741974597159e-13 -3.8279662303266153e-11 -3.5464992288244417e-09 -2.1523236794034192e-07 -8.3934053907735429e-06 -0.00020489954125118325 -0.0030155360902124179 -0.025215721253746909 -0.10771633330010796 -0.18601984607174221 -0.014047899960851665 0.30135290206129589 -0.046538352683435681 0.00026516428088930132 -4.9748468699637252e-09 2.6405474446205268e-18 -5.6301092021420173e-36 0
0 0 3.0283720442028947e-57 4.085062403610866e-50 3.6417703459492755e-43 2.1120860839059942e-36 7.8062242845887333e-30 1.787583426034411e-23 2.4347743542689773e-17 1.8492238367747196e-11 6.9615519445398748e-06 0.97424841629467096 -3.5727641237412804e-06 8.811135931879143e-12 -1.9484584602305788e-17 4.3464498014941562e-23 -1.043256850737575e-28 2.8066596160813679e-34 -8.7049194795282844e-40 3.1773957199660583e-45 -1.38659318579196e-50 7.3247612389609702e-56 -4.5700268446792759e-61 1.9446922743316068e-62 9.7234613716580339e-63 9.7234613716580339e-63 9.7234613716580339e-63 -3.7824264735749752e-60 -8.2366780083941933e-56 -1.272629261221319e-51 -1.3978034747543999e-47 -1.0890717167905131e-43 -6.0049572774375762e-40 -2.3370774634607463e-36 -6.4015234144102483e-33 -1.2300557358837909e-29 -1.6519564700575841e-26 -1.5441329827386284e-23 -9.9975232265668384e-21 -4.4585683683170024e-18 -1.3606434802526849e-15 -2.8193346576228747e-13 -3.9291342065041018e-11 -3.6402284071300556e-09 -2.2092066793477384e-07 -8.6152317069355832e-06 -0.0002103147574010736 -0.0030952325914725166 -0.025882138123101622 -0.1105631262655228 -0.19093608385535918 -0.014419139472137764 0.30931727992243535 -0.047768304278968658 0.00027217225188828204 -5.106326098109339e-09 2.7103339555013868e-18 -5.7789062502916881e-36 0
0 0 0 4.3622957882813109e-56 4.3750343287044161e-49 2.8998294963824995e-42 1.2503991010358701e-35 3.4360160353562872e-29 5.8500231081634419e-23 5.9241639373835866e-17 3.345298654288746e-11 9.3632908308344873e-06 0.97424715108493276 -4.8053680575622921e-06 1.5939589038358883e-11 -4.7408838884298512e-17 1.4224134311935794e-22 -4.592038435409238e-28 1.6616028375769471e-33 -6.9314741947831742e-39 3.4029514818220433e-44 -1.9973649365224543e-49 1.4191427945976589e-54 -1.2309902096519071e-59 9.7234613716580339e-63 9.7234613716580339e-63 1.9446922743316068e-62 -3.8699376259198975e-60 -8.4543639445444618e-56 -1.3062632582016121e-51 -1.4347456689457133e-47 -1.1178545171194276e-43 -6.1636607687587861e-40 -2.3988434893858322e-36 -6.5707076456330467e-33 -1.2625645648457129e-29 -1.6956156047837542e-26 -1.5849424770380206e-23 -1.0261745194025348e-20 -4.576402719680653e-18 -1.3966035737186379e-15 -2.893846117984778e-13 -4.0329762633964815e-11 -3.7364350411977718e-09 -2.2675932129073951e-07 -8.8429213366882668e-06 -0.00021587310828226675 -0.0031770356208760471 -0.02656616956061773 -0.11348516430829064 -0.19598226218284373 -0.014800181150476082 0.31749218347533242 -0.049030768270359133 0.00027936547236799677 -5.2412808805056589e-09 2.781965225169764e-18 -5.9316366451528512e-36 0
0 0 0 5.8340768229948204e-62 6.283777090738019e-55 4.6855899679757716e-48 2.3090450489833059e-41 7.4026243505452707e-35 1.5124093101346001e-28 1.9144711433141016e-22 1.4414360173533154e-16 6.0517394793880528e-11 1.2593626982865709e-05 0.97424544936649848 -6.4632178013482414e-06 2.8835148139019536e-11 -1.1535259680133335e-16 4.6549709168303502e-22 -2.0212490355925904e-27 9.8370499812388232e-33 -5.5193358840404846e-38 3.644524166783234e-43 -2.8771783295082451e-48 2.7495416730813895e-53 -3.2126316371958144e-58 1.9446922743316068e-62 9.7234613716580339e-63 -3.9866191623797939e-60 -8.6778032527883404e-56 -1.340786319434867e-51 -1.4726643744299422e-47 -1.1473981473009537e-43 -6.3265593462745732e-40 -2.4622422061832177e-36 -6.7443640032941997e-33 -1.2959327147358646e-29 -1.7404288012483823e-26 -1.6268307068258983e-23 -1.0532951455047292e-20 -4.6973518358403657e-18 -1.4335142148362087e-15 -2.970327168411785e-13 -4.1395632148847861e-11 -3.8351847372072492e-09 -2.32752309497354e-07 -9.0766295426735295e-06 -0.00022157838405024823 -0.0032610009562664484 -0.027268281944058764 -0.1164844394276864 -0.20116181984786549 -0.015191280589549773 0.32588319179328218 -0.050326606477637571 0.00028674885342447033 -5.3798033633456536e-09 2.8554901649918909e-18 -6.0884046736195111e-36 9.7234613716580339e-63
0 0 0 0 1.0987511349973578e-60 9.0516244380674563e-54 5.0181906803506725e-47 1.8386217616347544e-40 4.3825088162603492e-34 6.6570758728809965e-28 6.2652736117853373e-22 3.5072248264342828e-16 1.09477642758012e-10 1.6938422431788442e-05 0.97424316053568849 -8.69302013310348e-06 5.2163539169136727e-11 -2.8066954053810521e-16 1.5233792429430039e-21 -8.8968074931310903e-27 5.8237505451891119e-32 -4.3948951993392289e-37 3.9032534673323639e-42 -4.1445509540022693e-47 5.3271701097871106e-52 -8.3723864140661501e-57 1.8474576606150264e-61 -4.0838537760963742e-60 -8.9071485914693642e-56 -1.3762220068126795e-51 -1.5115854705610367e-47 -1.1777227706766409e-43 -6.4937641868767254e-40 -2.5273168827810673e-36 -6.9226110054741648e-33 -1.3301829587555824e-29 -1.7864266435483063e-26 -1.6698262598020309e-23 -1.0811327100078529e-20 -4.8214982604325674e-18 -1.4714005936241565e-15 -3.0488300035511648e-13 -4.2489678004747023e-11 -3.9365448850615934e-09 -2.3890372227137152e-07 -9.3165158068318647e-06 -0.00022743447781958169 -0.0033471858898289513 -0.027988954301446871 -0.11956299755953709 -0.20647828830463327 -0.015592698820414051 0.33449603718704457 -0.051656704475317838 0.00029432744174996629 -5.5219882395629272e-09 2.9309590388698161e-18 -6.2493175061631757e-36 9.7234613716580339e-63
0 0 0 0 0 2.116797540609954e-59 1.3038642621159213e-52 5.374401672093364e-46 1.4640383380505949e-39 2.59453732841152e-33 2.9302027890280016e-27 2.0503652108009392e-21 8.533589683645965e-16 1.9804801689109404e-10 2.2782157703533426e-05 0.97424008202427725 -1.1692092887554523e-05 9.43651506220149e-11 -6.8290924389080805e-16 4.9853884960682636e-21 -3.916053689948676e-26 3.4477912568905635e-31 -3.4995393052066351e-36 4.1803611919045174e-41 -5.9702153080226781e-46 1.032132784269933e-50 -2.1818095756869968e-55 1.4974130512353372e-60 -9.1425574806617538e-56 -1.4125945297994493e-51 -1.5515355479419662e-47 -1.20884910472129e-43 -6.6653895227155635e-40 -2.5941119771279566e-36 -7.1055704269340165e-33 -1.3653386958394788e-29 -1.8336405560759814e-26 -1.7139585090517044e-23 -1.1097062304084949e-20 -4.9489268043763667e-18 -1.5102885919303712e-15 -3.129408251341479e-13 -4.361264756788949e-11 -4.0405847245043062e-09 -2.4521776156052898e-07 -9.5627439860450741e-06 -0.00023344538944735212 -0.0034356492834211644 -0.02872867876894843 -0.12272294049310986 -0.21193529479372777 -0.016004701953662374 0.34333661145901229 -0.053021972592422098 0.00030210642542564508 -5.6679328585638182e-09 3.008423521781011e-18 -6.4144853215484718e-36 9.7234613716580339e-63
0 0 0 0 0 0 4.1009670681104924e-58 1.8781850171033684e-51 5.7558994190924526e-45 1.1657692305111877e-38 1.5360208098266815e-32 1.2897687675046249e-26 6.7099975296450722e-21 2.0763463119014003e-15 3.5827404896829055e-10 3.0641951815392914e-05 0.97423594136676583 -1.5725823405208728e-05 1.7070877891186357e-10 -1.6616150981888308e-15 1.6315104576484481e-20 -1.7237059619628619e-25 2.0411719240498996e-30 -2.7865966246154324e-35 4.4771576306191928e-40 -8.6001284110476249e-45 1.9997618520529593e-49 -5.6857738414477664e-54 -9.3642601787046543e-56 -1.449928772094111e-51 -1.5925419376127661e-47 -1.2407984437755888e-43 -6.8415527664911447e-40 -2.6626731849323605e-36 -7.2933674325489157e-33 -1.4014239762797322e-29 -1.8821028379099225e-26 -1.7592576451671859e-23 -1.1390352534342432e-20 -5.0797246384470629e-18 -1.5502048116491888e-15 -3.2121170313967683e-13 -4.4765308987916304e-11 -4.147375420207457e-09 -2.5169874608783453e-07 -9.8154824886931723e-06 -0.00023961522982103407 -0.0035264516311937577 -0.029487961107896851 -0.12596642802573219 -0.21753656580822414 -0.016427560621157508 0.35241097316187825 -0.054423347080648297 0.00031009114070833894 -5.8177373550117742e-09 3.0879367685432619e-18 -6.5840214533123677e-36 9.7234613716580339e-63
0 0 0 0 0 0 0 7.9453319906229293e-57 2.7054813384000753e-50 6.164479638418753e-44 9.2826685101248276e-38 9.0935685372126775e-32 5.6770934806272592e-26 2.1959044223571919e-20 5.0520503207427114e-15 6.4812672239172386e-10 4.1213316356155072e-05 0.97423037207689278 -2.1151148192763648e-05 3.0881584626788536e-10 -4.0429419519091608e-15 5.3392536937156559e-20 -7.5871359821379433e-25 1.2084224250183268e-29 -2.2189040349774178e-34 4.7950486101323015e-39 -1.2388626218238652e-43 3.8745918633506657e-48 -1.4826929349693378e-52 -1.4882433358256371e-51 -1.6346327449660981e-47 -1.2735926854587745e-43 -7.0223746570154033e-40 -2.7330474962827452e-36 -7.4861307323009707e-33 -1.4384635314873086e-29 -1.9318467027523304e-26 -1.8057547135450452e-23 -1.1691398791668994e-20 -5.2139814007279895e-18 -1.5911766074663241e-15 -3.2970130227403486e-13 -4.5948452139884331e-11 -4.2569901488191772e-09 -2.5835111661681167e-07 -1.0074904479076351e-05 -0.0002459482258181327 -0.0036196551319132033 -0.030267321300427096 -0.12929568043266187 -0.22328593100720218 -0.016861549139250427 0.3617253562079954 -0.055861791509103267 0.00031828708015807066 -5.9715048033201051e-09 3.1695534963807262e-18 -6.7580425656167422e-36 9.7234613716580339e-63
0 0 0 0 0 0 0 3.8893845486632136e-62 1.5393650225579695e-55 3.8971844145923935e-49 6.6020658580231436e-43 7.3915113756075071e-37 5.3835863306598294e-31 2.4988503582500027e-25 7.1862847537333547e-20 1.2292361779055489e-14 1.1724764551275356e-09 5.5431689604079046e-05 0.97422288119436795 -2.8448129518382465e-05 5.5865363642385007e-10 -9.8370322380086911e-15 1.7473143227079618e-19 -3.3395868122151187e-24 7.1541613380633054e-29 -1.766869701819358e-33 5.135543391760489e-38 -1.7846200433585395e-42 7.507240703797506e-47 -5.3891084024004838e-51 -1.677836865531999e-47 -1.3072543620316194e-43 -7.2079794320418183e-40 -2.8052832628679722e-36 -7.6839927652709666e-33 -1.4764828093174302e-29 -1.982906326327467e-26 -1.8534816586444742e-23 -1.2000407896630824e-20 -5.3517893240697632e-18 -1.6332321256917844e-15 -3.3841545441091955e-13 -4.7162889740709183e-11 -4.3695042020864485e-09 -2.6517944218564303e-07 -1.0341188119275758e-05 -0.0002524487261680853 -0.0037153237743083648 -0.03106729425053914 -0.13271298135892612 -0.22918732772395273 -0.017306944285562096 0.37128618030667504 -0.057338298466155686 0.00032669990258429171 -6.1293414070318213e-09 3.2533300862223547e-18 -6.936668868968241e-36 9.7234613716580339e-63
0 0 0 0 0 0 0 0 1.0793042122540418e-60 2.982437625082811e-54 5.6138098606253731e-48 7.0707186412672499e-42 5.8856423094122787e-36 3.1871987289126754e-30 1.099903219077249e-24 2.3517724419100422e-19 2.9909056677174422e-14 2.121034976108123e-09 7.455519061726555e-05 0.9742128056222813 -3.8262419495007545e-05 1.0106127748795871e-09 -2.3934812416267861e-14 5.7182248426613285e-19 -1.4699679182221247e-23 4.2354514901536068e-28 -1.4069305734023003e-32 5.5002636250119967e-37 -2.5708356119416692e-41 1.4545989363756678e-45 -1.7322479458533172e-47 -1.3418066783751638e-43 -7.3984950380082333e-40 -2.8794302795474387e-36 -7.8870899228851106e-33 -1.5155080169270062e-29 -2.0353169038788343e-26 -1.9024713776675972e-23 -1.2317592836619484e-20 -5.4932433906277948e-18 -1.6764003513318253e-15 -3.4736016512692478e-13 -4.8409458701646211e-11 -4.4849951117270671e-09 -2.7218842765200553e-07 -1.0614516861650219e-05 -0.00025912120853412873 -0.0038135234400194389 -0.031888430627549993 -0.13622068128017939 -0.2352448062717088 -0.017764023540116417 0.38110006388776491 -0.058853891679547715 0.00033533544547033084 -6.2913567357515363e-09 3.3393247095370187e-18 -7.1200243902854163e-36 9.7234613716580339e-63
0 0 0 0 0 0 0 0 0 2.7906334136658557e-59 5.7783202717341175e-53 8.0865798910442155e-47 7.5726455332833511e-41 4.6865662383839237e-35 1.8868908248707678e-29 4.8413749975338211e-24 7.6963714389684127e-19 7.277290574856063e-14 3.8369916499764548e-09 0.00010027590661467157 0.97419925337750912 -5.1462362601038953e-05 1.8282085175388693e-09 -5.8236475068280856e-14 1.8713328035595374e-18 -6.4702835221616457e-23 2.5075065578630511e-27 -1.1203241316473899e-31 5.8909536521215365e-36 -3.7034869835282959e-40 2.8167402189263987e-44 -1.3772997886427662e-43 -7.5940533899987068e-40 -2.9555398854443462e-36 -8.0955628255680131e-33 -1.5555661738790208e-29 -2.0891147214050496e-26 -1.9527577870573359e-23 -1.2643173195734804e-20 -5.6384415232340257e-18 -1.7207111663678478e-15 -3.565416257468059e-13 -4.9689021801795592e-11 -4.6035428038790503e-09 -2.793829230201575e-07 -1.0895079810176183e-05 -0.00026597028825344339 -0.0039143220304655307 -0.032731297902917678 -0.13982120173539414 -0.24146253632647388 -0.018233062584470411 0.391173840420314 -0.060409628708207305 0.00034419974078662432 -6.4576640271165482e-09 3.4275974901005385e-18 -7.3082373173067062e-36 0
0 0 0 0 0 0 0 0 0 0 7.2723712290904767e-58 1.1195217122163235e-51 1.1648571144990436e-45 8.1102118099724473e-40 3.7317799731398522e-34 1.1170809018881915e-28 2.1309978344519752e-23 2.5187005447046247e-18 1.770664186572086e-13 6.9411746000560598e-09 0.00013486954391602943 0.97418102453020683 -6.9215777420303975e-05 3.3072349237909257e-09 -1.4169644244687997e-13 6.1240723237054773e-18 -2.8479949768511856e-22 1.4845208618956792e-26 -8.9211037566243258e-31 6.3094925799600966e-35 -5.335290555477562e-39 4.0478100925262907e-43 -7.7947913839581204e-40 -3.0336650917038712e-36 -8.3095566723373663e-33 -1.5966851792418716e-29 -2.1443372456591906e-26 -2.0043759065003222e-23 -1.2977375697753153e-20 -5.7874848270705745e-18 -1.7661954233392709e-15 -3.6596622854819512e-13 -5.1002469799948271e-11 -4.7252297939336987e-09 -2.8676793520121389e-07 -1.1183072175763617e-05 -0.00027300072934057895 -0.0040177896263489301 -0.033596481650802007 -0.14351704061125059 -0.24784481477250536 -0.018714331773323233 0.40151457938153801 -0.062006604417715792 0.0003532990354505931 -6.6283805779648105e-09 3.5182107136738559e-18 -7.5014404449596525e-36 9.7234613716580339e-63
0 0 0 0 0 0 0 0 0 0 9.7234613716580339e-63 1.895097759605465e-56 2.1690238873489163e-50 1.6779585507449696e-44 8.6859521292456543e-39 2.9715141658268743e-33 6.6133694386979136e-28 9.3798812766942268e-23 8.2426484324511778e-18 4.3082609452113646e-13 1.2556652075465746e-08 0.00018139665302674158 0.97415650479094773 -9.3093189768193765e-05 5.9827681710781091e-09 -3.4476345036225847e-13 2.0041438442159809e-17 -1.2535906263581389e-21 8.7888699785922507e-26 -7.1039305779760126e-30 6.7579087114384093e-34 -7.686357950862467e-38 -7.8950139501239905e-40 -3.1138607475652137e-36 -8.5292216903299901e-33 -1.6388938978617563e-29 -2.2010232398536603e-26 -2.0573619669108738e-23 -1.3320434904013988e-20 -5.9404779002514945e-18 -1.8128850398905659e-15 -3.7564058629414367e-13 -5.2350724146847607e-11 -4.8501414366810546e-09 -2.9434864310586407e-07 -1.14786958602673e-05 -0.00028021745858992681 -0.0041239986918388512 -0.034484587209553913 -0.14731077886473426 -0.25439607554262106 -0.01920809118329676 0.41212961361104228 -0.063645955532430382 0.00036263981817209506 -6.8036282580971824e-09 3.6112291035361158e-18 -7.6997717618765508e-36 9.7234613716580339e-63
0 0 0 0 0 0 0 0 0 0 0 3.9866191623797939e-61 4.9384191394942153e-55 4.2023997649192313e-49 2.4170791538772945e-43 9.3025832100348628e-38 2.3661390321261086e-32 3.9152666819519259e-27 4.1286848984506677e-22 2.6974701374937511e-17 1.0482548199761645e-12 2.271501918050084e-08 0.00024397317596635667 0.97412352224714016 -0.00012520661185585897 1.0822718436689561e-08 -8.3884427616885228e-13 6.5586812287172579e-17 -5.5178904630658642e-21 5.2033513292304139e-25 -5.656995784091943e-29 7.2383971857618735e-33 -1.1082122144335371e-36 -3.1959786445415233e-36 -8.7547137216199791e-33 -1.6822222729670248e-29 -2.2592129146681569e-26 -2.111753551349308e-23 -1.36725941240596e-20 -6.0975292390359243e-18 -1.8608131221076933e-15 -3.8557155770876288e-13 -5.3734740521931606e-11 -4.9783662524061725e-09 -3.0213041731269799e-07 -1.1782160217190247e-05 -0.00028762558393257516 -0.0042330243400814059 -0.035396241838471454 -0.15120508921808057 -0.26112090218830714 -0.019714583691074664 0.42302657545016681 -0.065328866669603664 0.00037222885509025484 -6.9835341928407479e-09 3.706720186699004e-18 -7.9033752298879233e-36 9.7234613716580339e-63
0 0 0 0 0 0 0 0 0 0 0 0 1.3855932454612698e-59 1.2869037141090329e-53 8.142017393064004e-48 3.4817850743626204e-42 9.963017700729293e-37 1.8840986081565368e-31 2.3179307734151966e-26 1.8172983093688222e-21 8.8276684724003177e-17 2.5505302977214004e-12 4.1091324708245134e-08 0.00032813415057261823 0.97407915442345316 -0.0001683960746097541 1.9577921629692416e-08 -2.0409792420664167e-12 2.1463615976135592e-16 -2.4287987045409537e-20 3.0806177259117014e-24 -4.5048721577318643e-28 7.7533419736270649e-32 -1.9236120830348744e-35 -8.9861910234981948e-33 -1.7267014750104113e-29 -2.3189481278408989e-26 -2.1675897812631334e-23 -1.4034106619053005e-20 -6.2587517732652339e-18 -1.9100141274714051e-15 -3.9576628113093331e-13 -5.5155513504579328e-11 -5.1099963574918191e-09 -3.1011884603216795e-07 -1.2093683055485191e-05 -0.00029523041864595721 -0.004344944683065486 -0.036332097555652393 -0.15520274756479435 -0.26802404419537301 -0.020234025320804285 0.43421344498913111 -0.067056578416792467 0.00038207323753329585 -7.1682316784039879e-09 3.8047547851844938e-18 -8.1124018296602006e-36 9.7234613716580339e-63
0 0 0 0 0 0 0 0 0 0 0 0 9.7234613716580339e-63 4.8588136474175195e-58 3.3535637549758636e-52 1.5774982486904471e-46 5.0155086737186118e-41 1.0670379449507579e-35 1.5002658633414856e-30 1.3722723458444436e-25 7.9990944160771801e-21 2.8889146532249248e-16 6.2057235601420328e-12 7.4333434690345597e-08 0.00044132256348187353 0.97401946832590758 -0.00022648028610482851 3.5415345600867495e-08 -4.9658311654643814e-12 7.0240493061132197e-16 -1.0690831082777303e-19 1.8238898326481664e-23 -3.5874995296473273e-27 8.305310934981201e-31 -9.4537417376850555e-33 -1.7723640927645986e-29 -2.3802726507387987e-26 -2.2249115652116588e-23 -1.4405237208823454e-20 -6.4242635813261173e-18 -1.9605240824252257e-15 -4.0623221944184106e-13 -5.661408280928382e-11 -5.2451280390800391e-09 -3.1831976974855268e-07 -1.2413491978428465e-05 -0.00030303751363004798 -0.0044598412977378222 -0.037292834914266479 -0.15930664810943196 -0.27511043845008987 -0.020766591804367487 0.44569861502790392 -0.068830398230770445 0.00039218044652093091 -7.3578614187558523e-09 3.9054076800426391e-18 -8.3270109739346882e-36 9.7234613716580339e-63
0 0 0 0 0 0 0 0 0 0 0 0 0 2.9170384114974102e-62 1.7030205036697322e-56 8.7391726774445663e-51 3.0563895232889893e-45 7.2248797402037535e-40 1.1428020461037769e-34 1.1946329278439401e-29 8.1242102485541268e-25 3.5209153227407583e-20 9.4541503604878031e-16 1.5099136263879699e-11 1.3446654768323007e-07 0.00059354626108321822 0.97393916998344821 -0.00030459335511841143 6.4063286643544241e-08 -1.2082035093486005e-11 2.2986345253912344e-15 -4.7057997040351739e-19 1.0798605338951191e-22 -2.8570540731356862e-26 8.8877927312303749e-30 -1.8195757554522592e-29 -2.443232527272784e-26 -2.2837619338762403e-23 -1.4786264436290042e-20 -6.5941888530217764e-18 -2.0123808753599036e-15 -4.1697722056006673e-13 -5.8111541680336839e-11 -5.3838625286485332e-09 -3.2673932784396517e-07 -1.2741826185118263e-05 -0.00031105270082002682 -0.0045777998525915022 -0.038279168074007622 -0.16351982365859138 -0.28238523780083458 -0.021312399883042513 0.45749097914534653 -0.070651715238617047 0.00040255844042494377 -7.5525732072666554e-09 4.0087585143283226e-18 -8.5473724292826829e-36 9.7234613716580339e-63
0 0 0 0 0 0 0 0 0 0 0 0 0 0 1.0793042122540418e-60 5.9691429940431792e-55 2.2773953740214691e-49 5.9217831070292244e-44 1.040758031896672e-38 1.2239539926691418e-33 9.512681613622836e-29 4.8097591826972405e-24 1.5497817777359452e-19 3.0939200248991859e-15 3.6737427632617168e-11 2.4324220007339634e-07 0.00079826041492935494 0.97383113160259793 -0.00040963693806147068 1.1588235247998316e-07 -2.9395524661002933e-11 7.5222753868053008e-15 -2.0713722461834583e-18 6.3936360691336269e-22 -2.2754555297980972e-25 7.6648711738446473e-29 -2.5078813369257317e-26 -2.3441864944258927e-23 -1.5177483502893642e-20 -6.7686591953642836e-18 -2.0656246539168188e-15 -4.2800959946991388e-13 -5.9649048273510696e-11 -5.5263070507145232e-09 -3.3538402179462671e-07 -1.3078938911793227e-05 -0.00031928215199984657 -0.0046989109561534157 -0.039291851663157538 -0.16784547303072589 -0.28985384941121628 -0.02187148129479834 0.46960005177243253 -0.0725220204448256 0.00041321577471698 -7.7525282246406568e-09 4.1148930272077709e-18 -8.7736689425165721e-36 9.7234613716580339e-63
0 0 0 0 0 0 0 0 0 0 0 0 0 0 0 5.0620339900851725e-59 2.0922349395401653e-53 5.9348864494599626e-48 1.147365121170375e-42 1.4992485774029917e-37 1.3108805862662706e-32 7.5748569945509839e-28 2.8475234484228828e-23 6.8215930325138198e-19 1.0124976595090525e-14 8.9384310392238124e-11 4.4000371563879381e-07 0.0010735524820492388 0.97368575291643811 -0.00055088702474091452 2.0961020009855622e-07 -7.1517594232590867e-11 2.4616392821877044e-14 -9.117727241806097e-18 3.7856745313073089e-21 -1.8124009210371679e-24 -2.4721185166087383e-26 -2.4062341191578395e-23 -1.5579210272548687e-20 -6.9478154136058059e-18 -2.1202983668598694e-15 -4.3933825009057787e-13 -6.1227841177029749e-11 -5.6725762527901144e-09 -3.4426080133084899e-07 -1.3425100759683482e-05 -0.00032773245895359855 -0.0048232713128741325 -0.040331690120725391 -0.17228699832156558 -0.29752198664727642 -0.022443746563843049 0.48203613267803824 -0.074442934442929307 0.00042416176626544172 -7.9579021925607473e-09 4.2239047478525272e-18 -9.006099845538723e-36 9.7234613716580339e-63
0 0 0 0 0 0 0 0 0 0 0 0 0 0 0 0 2.3864582948301462e-57 7.3336028275030796e-52 1.546657987308583e-46 2.2230948548545784e-41 2.1597519735842002e-36 1.4039980102680153e-31 6.0318418917322139e-27 1.6858297251788506e-22 3.0026274481741594e-18 3.3134221907842571e-14 2.17474501514591e-10 7.9591009623512138e-07 0.0014437324338390366 0.97349009736390568 -0.00074080761538278023 3.7913166125069885e-07 -1.7399304025619447e-10 8.0555292974814115e-14 -4.0134709230188157e-17 2.2416051901271743e-20 -1.4463315637137046e-23 -2.4688628454603835e-23 -1.5991786769630916e-20 -7.1318099523350787e-18 -2.1764485067364437e-15 -4.5097279858985739e-13 -6.284926068124117e-11 -5.822794164805523e-09 -3.5337718248666172e-07 -1.3780604253909301e-05 -0.00033641074324408421 -0.0049509853057825076 -0.041399550480839993 -0.17684805584180752 -0.30539573970469563 -0.023028934527187624 0.49481053323664842 -0.076416245570646468 0.00043540671963855838 -8.1688897184753567e-09 4.3358973293827674e-18 -9.2448860222194035e-36 9.7234613716580339e-63
0 0 0 0 0 0 0 0 0 0 0 0 0 0 0 0 3.4032114800803119e-61 1.1251174673219732e-55 2.5706071853869107e-50 4.0307585982180871e-45 4.3074876302963919e-40 3.1113056292650933e-35 1.5037547699764548e-30 4.8032024494656391e-26 9.9807543754219474e-22 1.3216535290229697e-17 1.0843177659259452e-13 5.2911246803136183e-10 1.4396554346985316e-06 0.0019414651939158424 0.97322672150942868 -0.00099614067441218339 6.8571583272239258e-07 -4.2328587091411001e-10 2.6360665401392604e-13 -1.7666910257478267e-16 1.3274027961638453e-19 -1.4036946133379532e-22 -1.641547134950312e-20 -7.3208102559874439e-18 -2.2341261321698757e-15 -4.6292381441447529e-13 -6.4514778053771687e-11 -5.9770968958224135e-09 -3.6274141005358099e-07 -1.4145770116395911e-05 -0.00034532480723747884 -0.0050821671731684347 -0.042496379947126385 -0.18153262606824064 -0.31348167223661466 -0.023626541827635936 0.50793588890484065 -0.078443962644541051 0.00044696223998774904 -8.3857103037846624e-09 4.4509877766743106e-18 -9.490276777404815e-36 9.7234613716580339e-63
0 0 0 0 0 0 0 0 0 0 0 0 0 0 0 0 0 2.1576360783709177e-59 5.3046614117010377e-54 9.010925311324675e-49 1.0504940447339482e-43 8.3464757921720174e-39 4.4822182280706639e-34 1.6106352240317988e-29 3.8248917811206584e-25 5.9090467524743529e-21 5.817474711721963e-17 3.548398644756074e-13 1.2872938463219251e-09 2.6039668131188203e-06 0.0026106271270591344 0.97287208481086873 -0.0013393640590840172 1.2401283244911667e-06 -1.0297046779420795e-09 8.6259870382233339e-13 -7.7769743278432713e-16 7.8608606546788247e-19 -1.7767502678981038e-20 -7.5150021550404091e-18 -2.2933882809336329e-15 -4.7520310197532185e-13 -6.6226036001290233e-11 -6.1356363609544771e-09 -3.7236268207526075e-07 -1.4520955933353593e-05 -0.00035448334274276711 -0.0052169440148581046 -0.04362323015407206 -0.18634511011726562 -0.32178695414362535 -0.024235724109401932 0.52142659246905743 -0.080528388131578199 0.00045884166732617694 -8.6086166846275032e-09 4.5693109277296345e-18 -9.7425593734623644e-36 9.7234613716580339e-63
0 0 0 0 0 0 0 0 0 0 0 0 0 0 0 0 0 3.8893845486632136e-62 1.3672353503915795e-57 2.5011478806598141e-52 3.1588115859422594e-47 2.7379131377075108e-42 1.6173343800043058e-37 6.457417223660099e-33 1.7251639232917582e-28 3.045911452307497e-24 3.4984640629800518e-20 2.5606626276545694e-16 1.1611889894782629e-12 3.1317998550555209e-09 4.7096490692938965e-06 0.0035101268979136923 0.9723943822009038 -0.0018006377968793276 2.2425720224783575e-06 -2.5047286506245676e-09 2.8225920378854003e-12 -3.4235291027842712e-15 4.638756937566829e-18 -7.721907033420983e-18 -2.3542999180695915e-15 -4.8782410554601506e-13 -6.7984904832722562e-11 -6.2985854541757964e-09 -3.8225146140785365e-07 -1.4906568182769672e-05 -0.00036389622048063565 -0.0053554599620266865 -0.044781290802678279 -0.19129046336126831 -0.33031954481296061 -0.024855156947676624 0.53529939736038445 -0.08267222012141387 0.00047106068193943535 -8.8379064615553379e-09 4.6910257026942965e-18 -1.0002072328254046e-35 0
0 0 0 0 0 0 0 0 0 0 0 0 0 0 0 0 0 1.9446922743316068e-62 4.6672614583958563e-61 8.6712914507077411e-56 1.1793710782978882e-50 1.1074034882214482e-45 7.1362769038124681e-41 3.1341529694222501e-36 9.30348420693767e-32 1.8479110710112025e-27 2.4256531290499512e-23 2.071311514906391e-19 1.1271236384013351e-15 3.7998483306012023e-12 7.6189002563308391e-09 8.5174505571562e-06 0.0047190061725147043 0.97175057731796499 -0.0024203952121103715 4.0547925029283547e-06 -6.0921009431676519e-09 9.2357042535542904e-12 -1.5071501269418444e-14 1.9662003243482642e-17 -2.4169949773574715e-15 -5.0080247385841024e-13 -6.9793560789156049e-11 -6.4661452621843214e-09 -3.9241991016973011e-07 -1.5303079003626462e-05 -0.0003735748935940385 -0.0054978819880464793 -0.045971936509223175 -0.19637438132820695 -0.33908844701583452 -0.025482838927934987 0.54957426207684212 -0.084878695170313281 0.00048363815275455032 -9.0739383995628128e-09 4.8163238633008169e-18 -1.0269224055026987e-35 1.9446922743316068e-62
0 0 0 0 0 0 0 0 0 0 0 0 0 0 0 0 0 1.9446922743316068e-62 1.9446922743316068e-62 3.7746477044776488e-59 5.5000208511931578e-54 5.5616186223159359e-49 3.882626101147132e-44 1.8601960324796733e-39 6.0739680464340362e-35 1.3404808815693748e-30 1.9794995641465035e-26 1.9317818227069741e-22 1.2263777302643658e-18 4.9612669429225514e-15 1.2434262193597965e-11 1.8533879266002412e-08 1.5402369460793752e-05 0.0063432303201569626 0.97088231903547018 -0.0032527795055623519 7.3301562607087047e-06 -1.4815542020350302e-08 3.0218225649082044e-11 -6.6361719647091058e-14 -2.3179600657924552e-15 -5.1415731751674436e-13 -7.1654595904604927e-11 -6.6385551813390515e-09 -4.0288249895388221e-07 -1.5711049706951211e-05 -0.00038353296325491747 -0.005644408050771637 -0.04719679241079297 -0.20160355969087315 -0.34810406027437929 -0.026115810576176783 0.56427553945806841 -0.087151789677188188 0.00049659733383575558 -9.3171554221081256e-09 4.9454423710374544e-18 -1.0544519159815624e-35 1.9446922743316068e-62
0 0 0 0 0 0 0 0 0 0 0 0 0 0 0 0 0 3.8893845486632136e-62 1.9446922743316068e-62 1.9446922743316068e-62 3.2203909593703975e-57 3.488997692906002e-52 2.6230428685015846e-47 1.3614317170028565e-42 4.8494551479737164e-38 1.1772478955910973e-33 1.9315845437518138e-29 2.1206142968106372e-25 1.5385503952079132e-21 7.2613566579205664e-18 2.1838167448977064e-14 4.0687491798361359e-11 4.5082473631289084e-08 2.7848849754865701e-05 0.0085246948722188 0.9697102810415712 -0.0043701774269295683 1.3248080490835081e-05 -3.6024065176171461e-08 9.8863916514347232e-11 -2.9470115966734096e-13 -5.2694133819508207e-13 -7.3571176886146743e-11 -6.8161072047011841e-09 -4.1365686702663339e-07 -1.6131163966496527e-05 -0.00039378697690962646 -0.0057952785788420984 -0.048457826645580585 -0.20698606017102147 -0.35737867519501082 -0.026749748941195299 0.57943366488693948 -0.089496506079969562 0.0005099675657048732 -9.5681173158841204e-09 5.0786809668777788e-18 -1.082859584915099e-35 1.9446922743316068e-62
0 0 0 0 0 0 0 0 0 0 0 0 0 0 0 0 0 1.9446922743316068e-62 1.9446922743316068e-62 -1.9446922743316068e-62 2.4114184201711924e-60 2.7482097572320843e-55 2.2136677091833521e-50 1.2373191746790755e-45 4.7745726319449981e-41 1.2644188136572803e-36 2.282031220573912e-32 2.7836736076805629e-28 2.2720147473894121e-24 1.2254574688996632e-20 4.2996312893353535e-17 9.6126555530261583e-14 1.3313265644082995e-10 1.0964913581347791e-07 5.0344086373585568e-05 0.011453107285988534 0.9681262453013757 -0.005869154933237271 2.3935957884846505e-05 -8.757227186882397e-08 3.2341811939432637e-10 -1.8286013561293389e-12 -7.5541503590336418e-11 -6.9991663063202931e-09 -4.2476504761423255e-07 -1.6564275084516817e-05 -0.00040435756463089433 -0.0059507928142243632 -0.049757481807955826 -0.21253182959291678 -0.36692716932172875 -0.027378374754980457 0.5950875770961358 -0.09191928385334841 0.00052378672008191211 -9.8275477427616958e-09 5.2164274459787905e-18 -1.1122279710302605e-35 1.9446922743316068e-62
0 0 0 0 0 0 0 0 0 0 0 0 0 0 0 0 0 3.8893845486632136e-62 0 -1.9446922743316068e-62 1.9446922743316068e-62 2.7305424223890091e-58 2.3458527487058779e-53 1.4048375327229274e-48 5.8378868558672964e-44 1.6748100858979887e-39 3.2974271446799082e-35 4.4243965739207286e-31 4.0122927996044639e-27 2.4345524051881556e-23 9.7617878699398185e-20 2.5460786870933244e-16 4.2313180855803583e-13 4.3559738620473708e-10 2.6665119271161382e-07 9.0987887825047869e-05 0.015381543226857202 0.96598190783758275 -0.007878142521796758 4.3227126305321384e-05 -2.1281599857631567e-07 1.0573527424623172e-09 -8.325419678789181e-11 -7.1881655387743495e-09 -4.3623523331552677e-07 -1.7011474062165405e-05 -0.00041527107490619463 -0.0061113323209959309 -0.051098863817429806 -0.21825344368765445 -0.37676799434303804 -0.027992570111547981 0.61128823526076559 -0.094428597736815223 0.00053810476111737482 -1.0096402751383642e-08 5.3591944992253767e-18 -1.1426662101050065e-35 1.9446922743316068e-62
0 0 0 0 0 0 0 0 0 0 0 0 0 0 0 0 0 1.9446922743316068e-62 1.9446922743316068e-62 -1.9446922743316068e-62 3.8893845486632136e-62 3.6949153212300529e-61 3.1358104582828929e-56 2.0030632997563944e-51 8.9182120508780785e-47 2.7552547872618139e-42 5.8765420510679462e-38 8.6015432018323283e-34 8.5801202684679271e-30 5.7844427871632728e-26 2.6091954510457886e-22 7.7771632676858695e-19 1.5078203523277134e-15 1.8625817083567065e-12 1.4251325236728725e-09 6.4833901364541164e-07 0.00016438991662505117 0.02064658900587802 0.96307283886555095 -0.010567220907682598 7.8019034903281328e-05 -5.1696264025937651e-07 3.3802384163377194e-09 -7.4087838829002264e-09 -4.4810415303093425e-07 -1.747418907510286e-05 -0.00042656196367843658 -0.006277395288637265 -0.052486017079122697 -0.2241671870626373 -0.38692459069494506 -0.028579035528709787 0.62810381635571932 -0.097035843819719914 0.00055298902540767221 -1.0375972410135706e-08 5.5076743806264753e-18 -1.1743216463405449e-35 1.9446922743316068e-62
0 0 0 0 0 0 0 0 0 0 0 0 0 0 0 0 0 3.8893845486632136e-62 1.9446922743316068e-62 -1.9446922743316068e-62 3.8893845486632136e-62 3.8893845486632136e-62 5.3128992934739497e-59 3.6031535577465103e-54 1.7111287201209587e-49 5.6639164098140903e-45 1.3009101546184197e-40 2.0627576638087267e-36 2.2445868350782494e-32 1.6644778578405328e-28 8.3417893248161157e-25 2.7970645249661163e-21 6.1972082213026615e-18 8.9305571743937015e-15 8.1990931307803064e-12 4.662130998265826e-09 1.575989711432698e-06 0.00029687401320092313 0.027693990347912759 0.9591151407796048 -0.014160257025463419 0.00014069813704584716 -1.2551485228870975e-06 3.7271778859555739e-09 -4.6053197089431735e-07 -1.7954332411256234e-05 -0.00043827634982539199 -0.0064496475244876748 -0.053924332689338952 -0.23029464832485108 -0.39742744083009474 -0.029118187467823936 0.64562756613378858 -0.099756681924848781 0.00056853223077308961 -1.0668035068854155e-08 5.6628219116343556e-18 -1.2073974919141447e-35 1.9446922743316068e-62
0 0 0 0 0 0 0 0 0 0 0 0 0 0 0 0 0 1.9446922743316068e-62 1.9446922743316068e-62 -1.9446922743316068e-62 3.8893845486632136e-62 1.9446922743316068e-62 1.5557538194652854e-61 8.2106074637645037e-57 4.1427441277814253e-52 1.4626314220500092e-47 3.5992416190928101e-43 6.1457841353228095e-39 7.2444661450304103e-35 5.8602093003793537e-31 3.2304352804934493e-27 1.2034635128231204e-23 2.9994858357125456e-20 4.9395239808662181e-17 5.2902781893806484e-14 3.6093796655674376e-11 1.5249647284035059e-08 3.8296559956156562e-06 0.00053580243241340504 0.037110465811911762 0.95371087725309511 -0.018949300638327948 0.00025344722328320786 -3.0524960589472512e-06 -4.362653096027343e-07 -1.8455018105159447e-05 -0.00045047743043900829 -0.006629000108739895 -0.055421168467891406 -0.2366651291917152 -0.40831709930301363 -0.029580749208887078 0.66398999924087632 -0.10261312909310689 0.00058486498487940464 -1.0975098493338584e-08 5.8259842838924759e-18 -1.2421804412829367e-35 1.9446922743316068e-62
0 0 0 0 0 0 0 0 0 0 0 0 0 0 0 0 0 1.9446922743316068e-62 0 -1.9446922743316068e-62 3.8893845486632136e-62 3.8893845486632136e-62 3.8893845486632136e-62 2.3841927283305499e-59 1.2708943422219772e-54 4.7672205574348585e-50 1.2512622785126772e-45 2.2890439218689569e-41 2.9056402464400699e-37 2.5461384504159121e-33 1.5310410147291466e-29 6.2735922536621423e-26 1.7371951412753664e-22 3.2180721605610056e-19 3.9385123126004082e-16 3.1345701233849541e-13 1.5890016741664569e-10 4.9872874660001011e-08 9.3018793336135612e-06 0.00096622065476618978 0.049661458888071192 0.94629587263786208 -0.025310287583013874 0.00045583288067339275 -7.8653747602034777e-06 -1.885755647408842e-05 -0.00046325619849323134 -0.0068167313798157278 -0.056986820066093298 -0.24331939005449202 -0.41964876043184762 -0.029921978274911429 0.68337855988125851 -0.10563694793744853 0.00060217606733762989 -1.1300791241009578e-08 5.9991118429461109e-18 -1.2790855098469015e-35 1.9446922743316068e-62
0 0 0 0 0 0 0 0 0 0 0 0 0 0 0 0 0 3.8893845486632136e-62 1.9446922743316068e-62 -1.9446922743316068e-62 3.8893845486632136e-62 3.8893845486632136e-62 3.8893845486632136e-62 1.1668153645989641e-61 4.9592375564640037e-57 1.9695560602007903e-52 5.4922901043764239e-48 1.0716639125523002e-43 1.4573955259071917e-39 1.3752037487552699e-35 8.9576720915096495e-32 4.003780936434397e-28 1.219404387203475e-24 2.5095708719487833e-21 3.4548502264156886e-18 3.1419590911235616e-15 1.8578851972182154e-12 6.9960962580718136e-10 1.6307119346343558e-07 2.2579674383900742e-05 0.0017404168267266908 0.066332356285947081 0.93605923384550682 -0.033717101915065585 0.00081758872451341926 -3.7388925438116081e-05 -0.00047633935949185674 -0.0070146963884882693 -0.05863610353594622 -0.25031569739748533 -0.43149933207159097 -0.030071354927464489 0.70407081886131717 -0.10887539759736178 0.00062074692773449549 -1.1650529137171942e-08 6.1851172466747687e-18 -1.318732428231061e-35 1.9446922743316068e-62
0 0 0 0 0 0 0 0 0 0 0 0 0 0 0 0 0 1.9446922743316068e-62 1.9446922743316068e-62 0 5.8340768229948204e-62 1.9446922743316068e-62 3.8893845486632136e-62 5.8340768229948204e-62 2.4736485729498038e-59 1.0355643297482345e-54 3.0574000339473655e-50 6.3379658018001858e-46 9.1930088124094602e-42 9.2932367522883238e-38 6.5182651523812283e-34 3.1558521003638645e-30 1.0483938098149866e-26 2.3730355431093826e-23 3.6292718448243056e-20 3.7124683842369394e-17 2.508317774885386e-14 1.1017022428430949e-11 3.0807172497570166e-09 5.3305646150558937e-07 5.4765599046370202e-05 0.0031300242141486406 0.088365519121491196 0.92181640295916278 -0.044746987477323398 0.0014436141561468829 -0.000534248800219169 -0.0072243311652892507 -0.060391116815686145 -0.25774007942300153 -0.44397876572591727 -0.02991289155606798 0.72649400807273856 -0.11240161039215255 0.00064101408754039591 -1.203272248003611e-08 6.3885264670902065e-18 -1.3620840975891773e-35 1.9446922743316068e-62
0 0 0 0 0 0 0 0 0 0 0 0 0 0 0 0 0 3.8893845486632136e-62 1.9446922743316068e-62 -1.9446922743316068e-62 3.8893845486632136e-62 1.9446922743316068e-62 3.8893845486632136e-62 3.8893845486632136e-62 1.9446922743316068e-61 6.9560475837476976e-57 2.1675824909330588e-52 4.7571995677900458e-48 7.3305846327167468e-44 7.9035581315323075e-40 5.9387050898173693e-36 3.0959653276455819e-32 1.1140235226121789e-28 2.750321272299208e-25 4.6259748231726192e-22 5.2566094594626238e-19 3.9945500712621892e-16 2.0045530542158263e-13 6.5375053818161027e-11 1.3569277990868397e-08 1.741906271843472e-06 0.00013268298350955601 0.0056168383334956754 0.11727388993037906 0.90180265460338116 -0.05907663399103371 0.0021006213136608122 -0.007557779966531326 -0.06228178881457809 -0.26572509883340079 -0.45724894389726439 -0.029244162696319513 0.75134061199542623 -0.11633488323281273 0.00066369152043918112 -1.2461147299225457e-08 6.6167585406856541e-18 -1.4107187332136096e-35 0
0 0 0 0 0 0 0 0 0 0 0 0 0 0 0 0 0 1.9446922743316068e-62 0 0 3.8893845486632136e-62 3.8893845486632136e-62 3.8893845486632136e-62 3.8893845486632136e-62 3.8893845486632136e-62 5.9915968972156805e-59 1.9653754768475609e-54 4.5524512411574714e-50 7.4266709242483632e-46 8.5062806095399773e-42 6.8165379524127443e-38 3.8067176393963802e-34 1.4748397061589605e-30 3.9436464470179509e-27 7.2343204263818524e-24 9.0400739312455742e-21 7.6305615891471321e-18 4.3063268659070927e-15 1.6044358927748952e-12 3.8834734298570981e-10 5.9793077842019438e-08 5.689937149510214e-06 0.00032097267437544675 0.010048364300792813 0.15478513717699025 0.87330297037200566 -0.077811944672133079 -0.0030941639042904186 -0.064627378760056323 -0.27447146664537275 -0.47155760659359114 -0.027680311768269489 0.77981894543976016 -0.12088503965352479 0.00069003911817709673 -1.2960156771071959e-08 6.8829407366003242e-18 -1.4674284328579874e-35 1.9446922743316068e-62
0 0 0 0 0 0 0 0 0 0 0 0 0 0 0 0 0 3.8893845486632136e-62 1.9446922743316068e-62 -1.9446922743316068e-62 3.8893845486632136e-62 1.9446922743316068e-62 5.8340768229948204e-62 5.8340768229948204e-62 1.9446922743316068e-62 6.6119537327274631e-61 2.2892703537281499e-56 5.5808526967497158e-52 9.6084275478637274e-48 1.1650282032839868e-43 9.9173786669650568e-40 5.9062405729509372e-36 2.4510793099256147e-32 7.0562309181429053e-29 1.4018427601426445e-25 1.9103449916106963e-22 1.7730515227416562e-19 1.1113258842291526e-16 4.6558360984585536e-14 1.2872060909633419e-11 2.3107527083863828e-09 2.6368340073642785e-07 1.8578444568655954e-05 0.00077485766530595703 0.017895782328390956 0.20258589512392203 0.83153824298287859 -0.10776661944838381 -0.058691227349742012 -0.2850120365143714 -0.48724174000766901 -0.024389908201437372 0.81429640599757092 -0.12646746550295485 0.00072256173456189431 -1.3578281292059923e-08 7.2132634603779974e-18 -1.5377827187900232e-35 1.9446922743316068e-62
0 0 0 0 0 0 0 0 0 0 0 0 0 0 0 0 0 1.9446922743316068e-62 0 -1.9446922743316068e-62 5.8340768229948204e-62 1.9446922743316068e-62 3.8893845486632136e-62 5.8340768229948204e-62 1.9446922743316068e-62 3.8893845486632136e-62 3.4434666101589761e-58 8.8121896566522067e-54 1.5966569392179107e-49 2.0429979130706563e-45 1.8409137488654521e-41 1.1645206779493131e-37 5.153239869128497e-34 1.5889236680015357e-30 3.3981455530223205e-27 5.014475084532992e-24 5.0747018141691388e-21 3.4969100370563019e-18 1.6267802560689216e-15 5.0562221274674992e-13 1.0365114827305373e-10 1.3786317966927689e-08 1.1643725554083684e-06 6.0629414351928336e-05 0.0018645845830836251 0.03163571203163057 0.26112896048959944 0.76232742910634754 -0.19555011958340579 -0.28209864744170626 -0.50666057955268673 -0.016934291815960054 0.86039068752440184 -0.13408374260321193 0.00076733369709465796 -1.4433562135909017e-08 7.6715259147262955e-18 -1.635345596766005e-35 1.9446922743316068e-62
0 0 0 0 0 0 0 0 0 0 0 0 0 0 0 0 0 3.8893845486632136e-62 1.9446922743316068e-62 -1.9446922743316068e-62 7.7787690973264271e-62 3.8893845486632136e-62 5.8340768229948204e-62 5.8340768229948204e-62 3.8893845486632136e-62 1.9446922743316068e-62 6.7869760374173077e-60 1.8050802878573841e-55 3.4330296828666213e-51 4.6223471222315608e-47 4.3948910651342032e-43 2.9424506048123277e-39 1.382857780448149e-35 4.5458485311865201e-32 1.0410692761582704e-28 1.6534178628007802e-25 1.811472154237438e-22 1.360681133988122e-19 6.9567621281919912e-17 2.4000211210825275e-14 5.5282994800981895e-12 8.3913629200705664e-10 8.2539272956468614e-08 5.146097485988179e-06 0.00019726541613319107 0.0044457934904384251 0.054795959582538467 0.32149761085949063 0.60336113840439509 -0.46757444028366268 -0.49988773832955435 -0.0027989780620146856 0.9347672010553113 -0.14666625634670924 0.00084216954664933152 -1.5872870207614503e-08 8.4454143244910022e-18 -1.8000129524898785e-35 1.9446922743316068e-62
0 0 0 0 0 0 0 0 0 0 0 0 0 0 0 0 0 3.8893845486632136e-62 0 0 7.7787690973264271e-62 3.8893845486632136e-62 7.7787690973264271e-62 7.7787690973264271e-62 3.8893845486632136e-62 3.8893845486632136e-62 2.3336307291979281e-61 4.8460564660979042e-57 9.649389602571947e-53 1.3632740382472318e-48 1.3633996116580221e-44 9.6273616696825691e-41 4.78628755267975e-37 1.6699925784035428e-33 4.0747149847352289e-30 6.924367121728089e-27 8.1572055057860321e-24 6.6259042147387406e-21 3.6877513602962769e-18 1.395916019607997e-15 3.5616664530937961e-13 6.0587951626110655e-11 6.7779685942583403e-09 4.8990583876446848e-07 2.2343298743906359e-05 0.0006218969959723746 0.010041291431294069 0.086172731302543493 0.32430295658538127 0.21157451230493432 -0.75562048391338621 0.090787408477693482 1.0593845674469218 -0.16920481699675502 0.00097816356077560216 -1.8501980734537555e-08 9.8620558110729693e-18 -2.1013454038172454e-35 3.8893845486632136e-62
0 0 0 0 0 0 0 0 0 0 0 0 0 0 0 0 0 3.8893845486632136e-62 3.8893845486632136e-62 -3.8893845486632136e-62 7.7787690973264271e-62 3.8893845486632136e-62 3.8893845486632136e-62 1.1668153645989641e-61 3.8893845486632136e-62 0 3.8893845486632136e-62 1.6382087718969456e-58 3.3973345811334363e-54 5.0095352413459813e-50 5.2390387603366718e-46 3.876755898019306e-42 2.0244340607628232e-38 7.4384306392684719e-35 1.9167690687931376e-31 3.4510454270530586e-28 4.3229425404415691e-25 3.7491618026023483e-22 2.2384497299423592e-19 9.1393177022135599e-17 2.5314108320427831e-14 4.7105783461296883e-12 5.8184573462235414e-10 4.6976229814028639e-08 2.4291542174572477e-06 7.8218765635957983e-05 0.0015042332168267959 0.016126107384285205 0.0839424335434584 0.13609239905240372 -0.18851820568539274 -0.27875928330279531 1.1716784896392418 -0.17673132800719107 0.0010040824353475554 -1.8862032435913774e-08 1.0027764265559515e-17 -2.1375506862747229e-35 0
-0 -0 -0 -0 -0 -0 -0 -0 -0 -0 -0 -0 -0 -0 -0 -0 -0 -0 -0 -0 -0 -0 -0 -0 -0 -0 -0 -0 -0 -0 -0 -0 -0 -0 -0 -0 -0 -0 -0 -0 -0 -0 -0 -0 -0 -0 -0 -0 -0 -0 -0 -0 -0 -0 -0 -0 -0 -0 -0
-0 -0 -0 -0 -0 -0 -0 -0 -0 -0 -0 -0 -0 -0 -0 -0 -0 -0 -0 -0 -0 -0 -0 -0 -0 -0 -0 -0 -0 -0 -0 -0 -0 -0 -0 -0 -0 -0 -0 -0 -0 -0 -0 -0 -0 -0 -0 -0 -0 -0 -0 -0 -0 -0 -0 -0 -0 -0 -0
0 0 0 0 0 0 0 0 0 0 0 0 0 0 0 0 0 0 0 3.8893845486632136e-62 3.8893845486632136e-62 3.8893845486632136e-62 1.5557538194652854e-61 1.1668153645989641e-61 1.1668153645989641e-61 1.5557538194652854e-61 1.5557538194652854e-61 1.1668153645989641e-60 2.1677601463510881e-56 3.3273213645990798e-52 3.628421673173161e-48 2.8048499172741378e-44 1.5332125518640302e-40 5.9102803950181828e-37 1.601759073427089e-33 3.0413814089306124e-30 4.0301948999898412e-27 3.7103059646016818e-24 2.3607991384777781e-21 1.0318587019283106e-18 3.0756496920391654e-16 6.1971341690875601e-14 8.3496535461274208e-12 7.419917794107276e-10 4.2713736718270449e-08 1.5541051577971777e-06 3.447900489998834e-05 0.00044033012313862409 0.0029026834452932433 0.0073713852412558914 -0.0034307920328827297 -0.025184869354569917 0.055811340652968978 1.0047433056614929 -0.017117275730430107 7.7772036042855858e-07 -9.1079821263146846e-16 2.3199582591155565e-33 -7.7787690973264271e-62
0 0 0 0 0 0 0 0 0 0 0 0 0 0 0 0 0 0 0 0 1.9446922743316068e-62 0 3.8893845486632136e-62 5.8340768229948204e-62 5.8340768229948204e-62 7.7787690973264271e-62 7.7787690973264271e-62 1.3612845920321247e-61 8.01582708556745e-58 1.231666406381384e-53 1.3447872073791201e-49 1.0409341010852099e-45 5.6982157335950053e-42 2.1999775759661447e-38 5.9722551469085809e-35 1.1360782057571631e-31 1.5084612429843218e-28 1.3917926735451588e-25 8.8772903955616208e-23 3.8905883206469911e-20 1.163173166213952e-17 2.3516761351373489e-15 3.1808075097374983e-13 2.8392457312555414e-11 1.6429657066602741e-09 6.0148321400027036e-08 1.3445315104677739e-06 1.7336589154755179e-05 0.00011581547383740595 0.00030126584168710136 -0.00012377355893682576 -0.0010528072425545162 0.0022127038817172703 0.045163650619842288 0.97386166774533722 -0.00013325475310705694 3.6641488920099974e-13 -1.6214891776499693e-30 1.9194112747652959e-59
0 0 0 0 0 0 0 0 0 0 0 0 0 0 0 0 0 0 0 0 0 0 0 0 4.861730685829017e-63 4.861730685829017e-63 9.7234613716580339e-63 9.7234613716580339e-63 1.8960749674733166e-61 2.6693624034385367e-57 2.9160157163049158e-53 2.2584086139930061e-49 1.2370350696759983e-45 4.7791296720209322e-42 1.2983243555247297e-38 2.4717133999461688e-35 3.2847664311856721e-32 3.0336567936009795e-29 1.9370551674342235e-26 8.499694347330558e-24 2.5446419307904087e-21 5.1527142761662118e-19 6.9818865685200343e-17 6.2451240514659553e-15 3.6226849207357003e-13 1.3301583747779338e-11 2.9841907092576956e-10 3.8658644573960802e-09 2.5994765177987712e-08 6.8422768387998842e-08 -2.6246995223454999e-08 -2.417479692229028e-07 4.9417187793829621e-07 1.0740165107914195e-05 0.00034917975964425253 0.97425205963258499 -8.0425177083135239e-09 7.969890505805462e-26 -4.6230521855157936e-55
0 0 0 0 0 0 0 0 0 0 0 0 0 0 0 0 0 0 0 0 0 0 0 0 0 0 0 0 0 5.6973406474558792e-65 3.4396744602240295e-61 2.6642197748676527e-57 1.4597205332043659e-53 5.6411556080619505e-50 1.5330170843392789e-46 2.9195862723875137e-43 3.881542191471455e-40 3.5864346249093633e-37 2.2911770441079788e-34 1.0059306732658259e-31 3.0135120357833512e-29 6.106669005105566e-27 8.281578879396844e-25 7.4150855963275701e-23 4.3064661436047661e-21 1.5834937487667375e-19 3.5588663917915796e-18 4.6209430447488067e-17 3.1172673560422888e-16 8.253409270880128e-16 -3.0536103263475121e-16 -2.9318369776793385e-15 5.9085056106926248e-15 1.3251384339090259e-13 5.0383734980372491e-12 2.1077358899331788e-08 0.97425208351737103 -2.8905534726981583e-17 1.3007973366827811e-47
7.4184123013748428e-68 7.4184123013748428e-68 7.4184123013748428e-68 7.4184123013748428e-68 7.4184123013748428e-68 3.7092061506874214e-68 7.4184123013748428e-68 3.7092061506874214e-68 7.4184123013748428e-68 7.4184123013748428e-68 1.1127618452062264e-67 7.4184123013748428e-68 7.4184123013748428e-68 1.1127618452062264e-67 7.4184123013748428e-68 7.4184123013748428e-68 1.1127618452062264e-67 7.4184123013748428e-68 1.1127618452062264e-67 1.1127618452062264e-67 1.1127618452062264e-67 7.4184123013748428e-68 7.4184123013748428e-68 1.1127618452062264e-67 7.4184123013748428e-68 7.4184123013748428e-68 1.1127618452062264e-67 7.4184123013748428e-68 7.4184123013748428e-68 7.4184123013748428e-68 0 0 7.4184123013748428e-68 2.596444305481195e-66 6.7219346624602657e-63 1.2748393023298394e-59 1.6891853932110578e-56 1.5567889757120337e-53 9.9287769769162929e-51 4.3560378705250813e-48 1.3054675853429747e-45 2.6500826223920073e-43 3.6066291155238548e-41 3.2487104521873244e-39 1.9051463001036577e-37 7.1162332635871175e-36 1.6424426222439075e-34 2.2399126792667971e-33 1.6807533671247783e-32 6.1302711247582759e-32 8.8445603891733327e-32 7.8186511045405763e-32 5.334022763626043e-31 6.1926634748026785e-30 2.3198727861705226e-28 1.0951519167007633e-24 7.5753931380773545e-17 0.9742520835169578 -9.3739538371637546e-34
0 0 0 0 0 0 0 0 0 0 0 0 0 0 0 0 0 0 0 0 0 0 0 1.349401336733507e-79 0 0 0 0 0 0 0 1.349401336733507e-79 1.349401336733507e-79 1.349401336733507e-79 2.6988026734670139e-79 2.6988026734670139e-79 4.0482040102005209e-79 6.7470066836675349e-79 9.4458093571345488e-79 6.1262820687701217e-77 2.3298898420174405e-74 6.0874230885959395e-72 1.0813209973719363e-69 1.2961909439500798e-67 1.0387940656203246e-65 5.5001147775229673e-64 1.8941850787470673e-62 4.1531762896410003e-61 5.6153674119152446e-60 4.44015633982952e-59 1.9031400082340336e-58 4.4586309921131579e-58 8.1677659717593808e-58 2.7117240049862683e-57 5.7879784796876995e-56 6.6565199923692115e-53 1.7856961396244706e-46 2.4566708848463735e-33 0.97425208351640202
-0 -0 -0 -0 -0 -0 -0 -0 -0 -0 -0 -0 -0 -0 -0 -0 -0 -0 -0 -0 -0 -0 -0 -0 -0 -0 -0 -0 -0 -0 -0 -0 -0 -0 -0 -0 -0 -0 -0 -0 -0 -0 -0 -0 -0 -0 -0 -0 -0 -0 -0 -0 -0 -0 -0 -0 -0 -0 -0
