# k center radius Phi_lo Phi_hi ratio
-50 0.24977475099443658 0.00024612659745055777 0.24955332708039737 0.24999617495763718 0.89963443810692145
-49 0.25637589990585258 0.00022724727752312669 0.25617146737831331 0.2565803324787776 0.89960405754129458
-48 0.26315150799858189 0.000209806061685251 0.26296277256352563 0.26334024347553758 0.89957113459777782
-47 0.27010618649131202 0.00019369332071479325 0.26993195252148905 0.2702804204998151 0.89953545047449546
-46 0.27724466867644348 0.00017880777897975506 0.27708383169266032 0.27740550569592975 0.89949676912256138
-45 0.28457181322493619 0.00016505587746814342 0.28442335295110466 0.28472027353172608 0.89945483352170696
-44 0.29209260760842354 0.00015235118529390718 0.29195558155623841 0.29222963369102606 0.8994093635581345
-43 0.29981217165306118 0.00014061385596777419 0.29968570919605342 0.29993863413814137 0.89936005388526363
-42 0.30773576124435176 0.00012977012500074031 0.30761905814408474 0.30785246437052771 0.89930657133364555
-41 0.31586877220860554 0.00011975184566474656 0.31576108555868554 0.31597645888242915 0.89924855208561816
-40 0.32421674440568704 0.00011049605997119067 0.32411738796191031 0.32431610087152102 0.89918559865285996
-39 0.33278536608002146 0.00010194460214469172 0.3326937059473708 0.33287702623302085 0.899117276158374
-38 0.3415804785337716 9.4043732068140653e-05 0.34149592918332972 0.34166502790298175 0.89904310846458535
-37 0.35060808120961112 8.6743796356563192e-05 0.35053010180050481 0.35068606063602947 0.89896257362098742
-36 0.35987433730280621 7.9998914882584474e-05 0.35980242828626879 0.35994624633530942 0.89887509860284176
-35 0.36938558006697159 7.3766690726076391e-05 0.36931928005145898 0.36945188009720364 0.89878005342892897
-34 0.37914832003952659 6.8007941655507829e-05 0.37908720289749853 0.37920943719512079 0.89867674431010891
-33 0.38916925349797432 6.2686451369118747e-05 0.38911292569656208 0.38922558131189405 0.89856440569677665
-32 0.39945527257573327 5.7768738830714958e-05 0.39940337071499005 0.39950717444800038 0.89844219066657427
-31 0.41001347762874257 5.3223844128003948e-05 0.4099656661726413 0.41006128909545886 0.89830916010685602
-30 0.42085119266880555 4.902312936137027e-05 0.42080716185542599 0.42089522349196301 0.89816426921442449
-29 0.43197598499041057 4.5140093138391637e-05 0.43193544890907909 0.43201652108074295 0.89800635120781813
-28 0.44339569054816413 4.1550197305201921e-05 0.44335838537254452 0.44343299573206879 0.89783409764906941
-27 0.45511844723839912 3.8230704591765458e-05 0.45508412960569211 0.45515276487872702 0.89764603332211268
-26 0.4671527390661756 3.5160525887406148e-05 0.46712118459377955 0.46718429354557811 0.89744048492201645
-25 0.47950745532962713 3.2320075901135693e-05 0.47947845726170019 0.47953645340399437 0.89721554045663399
-24 0.4921919705571321 2.969113600814394e-05 0.49216533853458971 0.49221860258559008 0.89696899608959946
-23 0.50521625317453212 2.725672315568315e-05 0.50519181212303554 0.50524069423145812 0.89669828564515297
-22 0.51859101402661933 2.5000963825839602e-05 0.51856860315799425 0.51861342490022411 0.89640038523673693
-21 0.53232791031927829 2.2908972274068793e-05 0.53230738224251739 0.53234843840059998 0.89607168213859523
-20 0.54643982686427905 2.0966732652823266e-05 0.54642104680263892 0.54645860693009307 0.89570779219565722
-19 0.56094126557184598 1.9160985302748627e-05 0.56092411068227654 0.56095842046522948 0.89530330055817442
-18 0.57584888729809502 1.7479118625259131e-05 0.57583324608798447 0.57586452851168168 0.89485138936329855
-17 0.59118226955977382 1.5909069803031735e-05 0.59116804139305434 0.59119649772965777 0.89434329348620067
-16 0.60696497278182693 1.4439240587459084e-05 0.60695206746085784 0.60697787810566539 0.89376749146158063
-15 0.62322605255999686 1.3058438933221578e-05 0.62321438995999368 0.62323771516259663 0.89310848405476573
-14 0.64000222624768954 1.1755864036608334e-05 0.63999173596460268 0.6400127165331112 0.89234490880407913
-13 0.65734101782068688 1.0521161871140393e-05 0.65733163876911394 0.6573503968743456 0.89144656964616797
-12 0.67530540109887383 9.3445906533099117e-06 0.67529708096099084 0.67531372123861066 0.89036963153568116
-11 0.69398080891883995 8.2173494228190512e-06 0.69397350329767049 0.69398811454164011 0.88904857567216755
-10 0.71348602362176683 7.1321329450384606e-06 0.71347969469506234 0.71349235254988308 0.88738224105219354
-9 0.73399074558915034 6.083971915771633e-06 0.73398536000625925 0.73399613117204743 0.88520837565458954
-8 0.75574535931554143 5.0713783778133474e-06 0.75574088506751513 0.75574983356357361 0.8822548228222763
-7 0.77913474705921826 4.0977325049422927e-06 0.77913114909338255 0.77913834502506152 0.87803824161802446
-6 0.80478462551967656 3.1735420157736378e-06 0.80478185932637103 0.80478739171298908 0.8716422529687865
-5 0.83380130958111787 2.3209277318193456e-06 0.83379931074184477 0.83380330842039774 0.86122426496408588
-4 0.86843711457658257 1.5514500375621108e-06 0.8684358082683491 0.86843842088482159 0.84199181887725816
-3 0.9143377828410173 8.9953075963563778e-07 0.91433706326098096 0.91433850242105674 0.79995045387302954
-2 0.98548467929442984 3.9921369222523097e-07 0.98548441000021914 0.98548494858863556 0.67456155926787464
-1 1.078654791562017 1.9094680443571542e-07 1.0786547097082093 1.0786548734158428 0.4286734515372137
2 0.07033396228825374 4.5207273206197039e-09 0.070333958852202741 0.070333965724306266 0.76006630839422595
3 0.00084815808148013157 1.6290577473575974e-10 0.0008481579424891233 0.0008481582204711549 0.85319887253995075
4 7.8223549709799294e-08 3.5683596338166295e-14 7.8223518316736348e-08 7.8223581142981334e-08 0.88088604470944964
5 4.2925181992309488e-16 4.5648008982696307e-20 4.2921973116637172e-16 4.2928465576642836e-16 0.71932695566039206
6 8.4049430935958834e-33 3.2543135770393262e-20 -2.0288824445050497e-20 2.0288824445074381e-20 0.62344405247892931
7 2.0756584471975665e-66 2.0825023150182245e-20 -9.742521916419255e-21 9.742521916419255e-21 0.46782766319921226
8 0 9.9999999999999995e-21 -0 9.7425219682872579e-32 9.7425219682872592e-12
G 1.026428278610986 1.0264285064388097
returnTime 0.4173913901740664 0.41739140658263596 sEnd 0.467391406582636
epsFactor 0.99959445390536883
