-80 0.16158775628174257 0.16158775628157596 0.16158775628189742
-79 0.16421927834113645 0.16421927834096861 0.16421927834129524
-78 0.16689366305172612 0.1668936630515577 0.16689366305188966
-77 0.16961160977881837 0.16961160977864775 0.1696116097789851
-76 0.17237382949439781 0.17237382949422503 0.17237382949456789
-75 0.17518104500818515 0.17518104500801041 0.17518104500835885
-74 0.17803399120358196 0.17803399120340507 0.17803399120375921
-73 0.18093341528464107 0.18093341528446169 0.18093341528482154
-72 0.18388007703543827 0.18388007703525616 0.1838800770356219
-71 0.18687474909344201 0.18687474909325691 0.18687474909362856
-70 0.18991821723873509 0.18991821723854779 0.18991821723892546
-69 0.19301128070124832 0.19301128070105736 0.19301128070144125
-68 0.1961547524885085 0.19615475248831526 0.1961547524887054
-67 0.1993494597368331 0.19934945973663662 0.19934945973703302
-66 0.20259624408935192 0.20259624408915183 0.20259624408955476
-65 0.20589596210483194 0.20589596210462879 0.20589596210503822
-64 0.20924948570190466 0.20924948570169857 0.20924948570211466
-63 0.21265770264407119 0.21265770264386158 0.21265770264428449
-62 0.21612151707175006 0.21612151707153701 0.21612151707196678
-61 0.21964185008867279 0.21964185008845669 0.21964185008889342
-60 0.2232196404111427 0.22321964041092313 0.22321964041136699
-59 0.22685584509009799 0.22685584508987411 0.22685584509032519
-58 0.23055144031758165 0.23055144031735522 0.23055144031781369
-57 0.23430742233116506 0.23430742233093424 0.23430742233140009
-56 0.23812480843213055 0.23812480843189571 0.23812480843236922
-55 0.24200463813591719 0.24200463813567935 0.24200463813616052
-54 0.24594797447640987 0.24594797447616742 0.24594797447665637
-53 0.24995590548933744 0.24995590548909169 0.24995590548958915
-52 0.25402954590433935 0.25402954590408861 0.25402954590459415
-51 0.25817003908026681 0.25817003908001307 0.25817003908052688
-50 0.26237855922425629 0.26237855922399689 0.26237855922451919
-49 0.26665631394202249 0.2666563139417597 0.26665631394229072
-48 0.27100454717509359 0.27100454717482614 0.27100454717536587
-47 0.27542454259032556 0.27542454259005461 0.27542454259060312
-46 0.27991762749854776 0.27991762749827159 0.27991762749882909
-45 0.2844851773926827 0.28448517739240253 0.28448517739296914
-44 0.28912862121180294 0.28912862121151772 0.28912862121209348
-43 0.29384944745665537 0.29384944745636538 0.29384944745695063
-42 0.29864921130500249 0.29864921130470851 0.29864921130530325
-41 0.30352954290232664 0.30352954290202716 0.30352954290263162
-40 0.30849215703611771 0.30849215703581395 0.30849215703642829
-39 0.31353886444126855 0.31353886444095946 0.31353886444158391
-38 0.3186715850315624 0.31867158503124832 0.31867158503188292
-37 0.32389236340989047 0.32389236340957112 0.32389236341021627
-36 0.32920338708006042 0.32920338707973618 0.32920338708039198
-35 0.3346070078691773 0.33460700786884723 0.33460700786951375
-34 0.34010576717568936 0.34010576717535357 0.34010576717603125
-33 0.34570242578981125 0.3457024257894698 0.34570242579015886
-32 0.35139999919731818 0.35139999919697096 0.35139999919767134
-31 0.35720179948429681 0.35720179948394493 0.35720179948465713
-30 0.36311148522216907 0.3631114852218108 0.36311148522253484
-29 0.36913312104664725 0.36913312104628326 0.36913312104701967
-28 0.37527124907517462 0.37527124907480347 0.37527124907555243
-27 0.38153097486781801 0.38153097486744109 0.38153097486820281
-26 0.38791807137291484 0.38791807137253148 0.38791807137330631
-25 0.3944391052763398 0.39443910527594944 0.3944391052767377
-24 0.4011015914860695 0.40110159148567248 0.40110159148647462
-23 0.40791418326801832 0.40791418326761414 0.40791418326843043
-22 0.41488690800609529 0.41488690800568379 0.4148869080065149
-21 0.42203146199035468 0.42203146198993596 0.42203146199078229
-20 0.42936158250129347 0.42936158250086681 0.42936158250172873
-19 0.43689352246952057 0.43689352246908603 0.43689352246996432
-18 0.4446466632805387 0.44464666328009528 0.44464666328099067
-17 0.45264431670294419 0.45264431670249144 0.45264431670340466
-16 0.46091479050849299 0.4609147905080318 0.46091479050896372
-15 0.46949282937750203 0.46949282937703074 0.46949282937798231
-14 0.47842160244945542 0.47842160244897414 0.47842160244994675
-13 0.48775550849593569 0.48775550849544297 0.48775550849643806
-12 0.49756424199050087 0.49756424198999577 0.49756424199101607
-11 0.50793887455774012 0.50793887455722164 0.50793887455826825
-10 0.5190012982733867 0.51900129827285391 0.51900129827392927
-9 0.53091957746845131 0.53091957746790241 0.53091957746900953
-8 0.54393439964634216 0.54393439964577528 0.54393439964691914
-7 0.55840841645121453 0.55840841645062689 0.55840841645181316
-6 0.57493101517863621 0.57493101517802336 0.57493101517926026
-5 0.59460521624811147 0.59460521624746576 0.59460521624876761
-4 0.62019084610854092 0.62019084610784658 0.6201908461092458
-3 0.66150248048470639 0.66150248048391636 0.66150248048550564
-2 0.75337472500495895 0.75337472500394709 0.75337472500597347
-1 0.94373203195430511 0.9437320319529966 0.94373203195562561
0 1 1 1
1 0.5 0.5 0.5
2 0.057397687727683555 0.057397687727390831 0.057397687727976994
3 0.00039063369022196442 0.00039063369021812054 0.00039063369022584597
4 9.8176255165907222e-09 9.8176255191209172e-09 9.8176255195489153e-09
5 3.4359660554444232e-18 3.4359624805513014e-18 3.4359799311658218e-18
6 2.3544189910674232e-37 2.3325302846974353e-37 3.5839328711460191e-35
7 0 0 0
