# k center radius Phi_lo Phi_hi ratio
-80 0.16158775628174257 0.086492223182095263 0.083743891516034646 0.23943165359229235 0.90001036447707161
-79 0.16421927834113645 0.079109563566731128 0.093019860596253348 0.23541872585296347 0.90001062199980797
-78 0.16689366305172612 0.072356915364589935 0.10177167804881969 0.23201567528073611 0.90001089599902195
-77 0.16961160977881837 0.06618050880839485 0.11004843734830738 0.2291748071114133 0.9000111725499379
-76 0.17237382949439781 0.060531162896080869 0.11789511251408798 0.22685256925109076 0.90001145113007941
-75 0.17518104500818515 0.055363893772740203 0.1253529119630663 0.22500919888537912 0.90001173114251065
-74 0.17803399120358196 0.050637556525645881 0.13245960113051883 0.2236084003303227 0.90001201190778513
-73 0.18093341528464107 0.046314517549434282 0.13924979758878678 0.22261705040752502 0.90001229265515914
-72 0.18388007703543827 0.042360354872477628 0.1457552410132788 0.22200492899677735 0.90001257251292677
-71 0.18687474909344201 0.038743584058137846 0.15200504014505983 0.22174447262010477 0.90001285049772251
-70 0.18991821723873509 0.03543540749824909 0.15802589871626974 0.22181054909469944 0.90001312550279533
-69 0.19301128070124832 0.032409485102453325 0.16384232213726455 0.22218025146015144 0.90001339628487642
-68 0.1961547524885085 0.029641724557393036 0.16947680659139616 0.22283270953910281 0.90001366145008854
-67 0.1993494597368331 0.027110089485604432 0.17495001204347657 0.22374891763108004 0.90001391943774856
-66 0.20259624408935192 0.024794423976494687 0.18028092054019573 0.22491157696807013 0.90001416850310045
-65 0.20589596210483194 0.022676292092163285 0.18548698106395906 0.22630495167826623 0.9000144066977972
-64 0.20924948570190466 0.020738831070077443 0.19058424209494679 0.2279147371124054 0.90001463184834363
-63 0.21265770264407119 0.018966617053686668 0.19558747293879647 0.22972793948604733 0.900014841532222
-62 0.21612151707175006 0.01734554228182824 0.20051027478840469 0.23173276588182545 0.90001503305147446
-61 0.21964185008867279 0.015862702759029849 0.20536518240725507 0.23391852373886426 0.90001520340311958
-60 0.2232196404111427 0.014506295512284512 0.2101637572477745 0.236275529032901 0.90001534924626692
-59 0.22685584509009799 0.013265524616220343 0.21491667275093101 0.23879502242078074 0.9000154668654563
-58 0.23055144031758165 0.012130515238422814 0.21963379251209239 0.24146909268751141 0.90001555212993956
-57 0.23430742233116506 0.01109223502054598 0.22432424194260778 0.24429060689348064 0.90001560044696916
-56 0.23812480843213055 0.01014242216928055 0.22899647400628947 0.24725314667433676 0.9000156067112054
-55 0.24200463813591719 0.0092735196846968869 0.23365832956449326 0.25035095019675968 0.90001556524601256
-54 0.24594797447640987 0.0084786152023757864 0.23831709282263086 0.25357885932050134 0.90001546973770241
-53 0.24995590548933744 0.0077513859704692782 0.24297954233435737 0.25693227156099163 0.90001531316235528
-52 0.25402954590433935 0.0070860485237548834 0.2476519979871061 0.26040709648789301 0.90001508769999339
-51 0.25817003908026681 0.0064773126541859509 0.25234036436402846 0.26399971623377372 0.90001478464058537
-50 0.26237855922425629 0.0059203393116973183 0.25705017085244242 0.26770694982375881 0.90001439427209262
-49 0.26665631394202249 0.0054107021003734577 0.26178660884770111 0.27152602107226875 0.90001390575728468
-48 0.27100454717509359 0.0049443520637759081 0.26655456638371788 0.27545452982691587 0.90001330698605519
-47 0.27542454259032556 0.0045175854794884786 0.27135866050750118 0.2794904263730148 0.90001258441038179
-46 0.27991762749854776 0.0041270144069823237 0.27620326770480197 0.28363198884519308 0.90001172284767161
-45 0.2844851773926827 0.003769539754921919 0.28109255267775363 0.2878778035260019 0.90001070525636961
-44 0.28912862121180294 0.0034423266542036152 0.2860304957732635 0.29222674794560771 0.9000095124678188
-43 0.29384944745665537 0.0031427819415027194 0.29102091936342639 0.29667797673243668 0.90000812287627285
-42 0.29864921130500249 0.0028685335750509751 0.29606751348672955 0.30123091020263482 0.90000651206825955
-41 0.30352954290232664 0.0026174118199090556 0.30117386107207011 0.30588522571744881 0.90000465238367133
-40 0.30849215703611771 0.0023874320542610493 0.30634346308743987 0.31064085188312529 0.90000251239511797
-39 0.31353886444126855 0.0021767790613511687 0.31157976398261367 0.31549796571898769 0.90000005627722834
-38 0.3186715850315624 0.0019837926837062724 0.3168861778318835 0.32045699297768826 0.89999724305375806
-37 0.32389236340989047 0.0018069547273287002 0.3222661156305261 0.32551861186916065 0.89999402568006126
-36 0.32920338708006042 0.0016448770136769744 0.32772301425985051 0.33068376051918985 0.89999034992907645
-35 0.3346070078691773 0.0014962904865374782 0.33326036771339895 0.33595364858796345 0.89998615302458651
-34 0.34010576717568936 0.0013600352893727763 0.33888176127537828 0.34132977358773725 0.89998136196332468
-33 0.34570242578981125 0.0012350517364370394 0.34459090946705628 0.34681394257727355 0.89997589143016421
-32 0.35139999919731818 0.0011203721078789483 0.35039169873492965 0.35240830008126156 0.89996964120453038
-31 0.35720179948429681 0.0010151132051829843 0.35628823605552684 0.35811536329501653 0.89996249290741981
-30 0.36311148522216907 0.00091846960857403664 0.36228490488869347 0.36393806590122768 0.89995430588270664
-29 0.36913312104664725 0.00082970758233223642 0.36838643024168527 0.36987981216379306 0.89994491197360205
-28 0.37527124907517462 0.00074815957719505464 0.37459795503433202 0.37594454339751365 0.89993410879441171
-27 0.38153097486781801 0.00067321928097431062 0.38092513051426408 0.38213681947467038 0.89992165104891975
-26 0.38791807137291484 0.00060433716895076997 0.3873742242070633 0.38846191876614533 0.8999072391570746
-25 0.3944391052763398 0.00054101650425186364 0.39395224986506178 0.39492596089116921 0.89989050426965933
-24 0.4011015914860695 0.0004828097349711948 0.40066712519437031 0.40153605795941782 0.89987098825637435
-23 0.40791418326801832 0.00042931522897371222 0.40752786492928322 0.40830050176827282 0.899848116681079
-22 0.41488690800609529 0.00038017427895770274 0.41454481928772119 0.41522899686749748 0.89982116186310956
-21 0.42203146199035468 0.00033506829942109995 0.42172997128212114 0.42233295282464395 0.89978919166675031
-20 0.42936158250129347 0.00029371612406744427 0.42909731123617734 0.42962585387690438 0.8997509974979474
-19 0.43689352246952057 0.00025587129781748158 0.43666331388194646 0.43712373115334913 0.89970499150229666
-18 0.4446466632805387 0.00022131924372815613 0.44444755371480915 0.44484577292952027 0.8996490572963004
-17 0.45264431670294419 0.00018987417463657588 0.4524735097017919 0.45281512377551492 0.89958032943475041
-16 0.46091479050849299 0.0001613756164646329 0.46076963403145349 0.46105994704622882 0.8994948612180701
-15 0.46949282937750203 0.00013568442048171524 0.46937079660923009 0.46961486219680232 0.89938711362026647
-14 0.47842160244945542 0.00011267817217817926 0.47832027674115679 0.47852292820012621 0.89924915102954639
-13 0.48775550849593569 9.2245961863060292e-05 0.48767257301428713 0.48783844400893539 0.89906930693424569
-12 0.49756424199050087 7.4282572204893336e-05 0.49749747459654886 0.49763100939863908 0.89883005066179911
-11 0.50793887455774012 5.868226138334355e-05 0.50788614829184719 0.5079916008236427 0.89850432924090695
-10 0.5190012982733867 4.5332520976243874e-05 0.51896058745682172 0.51904200908996145 0.89804881127360603
-9 0.53091957746845131 3.4108136575710206e-05 0.53088896911859018 0.53095018581832176 0.89739144214201727
-8 0.54393439964634216 2.4866330684967353e-05 0.54391210930182543 0.54395668999086899 0.89640666366217192
-7 0.55840841645121453 1.744409133190531e-05 0.55839280638555588 0.55842402651688416 0.89486264274968352
-6 0.57493101517863621 1.1658491791705249e-05 0.57492061232457514 0.57494141803270848 0.89229844289800897
-5 0.59460521624811147 7.332842340489692e-06 0.59459870658293978 0.59461172591329359 0.88774105317594554
-4 0.62019084610854092 4.2216095961432485e-06 0.62018713661087987 0.62019455560621251 0.8786927325013455
-3 0.66150248048470639 2.1101338475164432e-06 0.66150067134390389 0.6615042896255181 0.85735832058435657
-2 0.75337472500495895 8.25752056749844e-07 0.753374071819643 0.75337537819027756 0.79101870019173826
-1 0.94373203195430511 3.0011345137412638e-07 0.94373185184734443 0.94373221206127778 0.6001296237958752
2 0.057397687727683555 6.5107690168135233e-09 0.057397682383930865 0.05739769307143696 0.82075610288919065
3 0.00039063369022196442 1.3824223732277559e-10 0.00039063356931128148 0.00039063381113268504 0.87462936768923227
4 9.8176255165907222e-09 8.3370951415319156e-15 9.8176181038634327e-09 9.8176329348063997e-09 0.88978421759225701
5 3.4359660554444232e-18 3.2892566260522943e-20 3.4153591620768967e-18 3.4565832496402265e-18 0.62680406364485131
6 2.3544189910674232e-37 2.0933064990850766e-20 -9.8397605486690444e-21 9.839760548669082e-21 0.47005828114371956
7 0 9.9999999999999995e-21 -0 9.839760563546212e-32 9.8397605635462126e-12
G 1.0162848933709725 1.0162853182579394
returnTime 0.5517896123196655 0.55178965557451543 sEnd 0.57178965557451544
epsFactor 0.99976905925343418
