-40 0.88382097169157403 0.88382097169080864 0.88382097169234208
-39 0.89042968500564579 0.89042968500486974 0.89042968500641473
-38 0.89708781520324865 0.8970878152024665 0.89708781520402314
-37 0.90379573213385966 0.90379573213307152 0.90379573213463993
-36 0.91055380858214952 0.91055380858135426 0.91055380858293422
-35 0.91736242037510396 0.9173624203743036 0.91736242037589522
-34 0.92422194653269385 0.92422194653188638 0.92422194653348999
-33 0.93113276948386836 0.93113276948305479 0.93113276948467039
-32 0.93809527538061321 0.93809527537979265 0.93809527538142035
-31 0.94510985455919305 0.9451098545583666 0.9451098545600064
-30 0.9521769022224067 0.95217690222157414 0.95217690222322604
-29 0.95929681945370748 0.95929681945287004 0.95929681945453438
-28 0.96647001472973637 0.96647001472889316 0.96647001473056993
-27 0.97369690618141957 0.97369690618056703 0.97369690618225657
-26 0.98097792497946346 0.98097792497860825 0.98097792498031011
-25 0.98831352040892761 0.98831352040806342 0.98831352040977816
-24 0.99570416748139434 0.99570416748052348 0.99570416748225232
-23 1.0031503783603453 1.0031503783594675 1.0031503783612099
-22 1.0106527195177666 1.0106527195168831 1.0106527195186386
-21 1.0182118375081248 1.0182118375072362 1.0182118375090046
-20 1.0258284977061147 1.0258284977052172 1.0258284977069989
-19 1.0335036425624671 1.033503642561562 1.0335036425633575
-18 1.0412384792808129 1.0412384792799041 1.0412384792817126
-17 1.0490346119214009 1.0490346119204836 1.0490346119223064
-16 1.0568942407667468 1.0568942407658213 1.0568942407676589
-15 1.0648204639162733 1.0648204639153407 1.0648204639171912
-14 1.0728177351439951 1.072817735143057 1.0728177351449226
-13 1.0808925626208739 1.0808925626199268 1.0808925626218062
-12 1.0890545834588627 1.0890545834579097 1.0890545834598042
-11 1.0973182350424089 1.0973182350414481 1.0973182350433579
-10 1.1057053980110445 1.1057053980100739 1.105705398012
-9 1.1142496775189072 1.1142496775179285 1.1142496775198725
-8 1.1230035827013372 1.1230035827003488 1.1230035827023115
-7 1.1320511774602968 1.1320511774592976 1.1320511774612823
-6 1.1415320053684164 1.1415320053674043 1.1415320053694147
-5 1.1516912057400137 1.1516912057389852 1.1516912057410287
-4 1.1629996469913266 1.1629996469902755 1.1629996469923627
-3 1.1764090660061461 1.1764090660050648 1.1764090660072115
-2 1.1919528802794581 1.1919528802783419 1.1919528802805577
-1 1.1833391126665327 1.1833391126653519 1.1833391126677326
0 1 1 1
1 0.5 0.5 0.5
2 0.082521385534027283 0.082521385533674954 0.082521385534383332
3 0.001565550643399509 0.00156555064338689 0.001565550643412197
4 4.0564945956752952e-07 4.0564945956560358e-07 4.056494595806723e-07
5 1.9889778694241419e-14 1.9889775756276356e-14 1.9889817516169082e-14
6 3.5155060831483006e-29 3.5153366045670468e-29 5.0200686267933789e-29
7 8.0999791284804186e-59 -2.0741216883776283e-58 1.2014433768455599e-53
8 0 0 0
