# k center radius Phi_lo Phi_hi ratio
-40 0.88382097169157403 0.00014985971852750002 0.8836861879565282 0.88395575545164595 0.89939952774693088
-39 0.89042968500564579 0.00013570890852369295 0.89030763699842164 0.89055173303552171 0.89933690576114866
-38 0.89708781520324865 0.00012287732419433844 0.89697731562084049 0.89719831480616397 0.89926765283847354
-37 0.90379573213385966 0.00011124191398417006 0.90369570441965996 0.90389575986662207 0.89919104391392424
-36 0.91055380858214952 0.00010069110254357183 0.91046327659735482 0.91064434058374133 0.89910626961938955
-35 0.91736242037510396 9.112372005607282e-05 0.9172804990337402 0.91744434173166778 0.89901242523251546
-34 0.92422194653269385 8.2448031330360135e-05 0.92414783331044725 0.92429605976868878 0.89890849786296356
-33 0.93113276948386836 7.4580855318519862e-05 0.93106573671936443 0.93119980226080579 0.89879335187485021
-32 0.93809527538061321 6.7446766582033844e-05 0.93803466329536334 0.93815588747710243 0.89866571165424136
-31 0.94510985455919305 6.0977371003023607e-05 0.9450550649294116 0.9451646441991336 0.8985241416496581
-30 0.9521769022224067 5.5110648736999713e-05 0.95212739264216073 0.95222641181183132 0.89836702269454571
-29 0.95929681945370748 4.9790358030657411e-05 0.95925209813463885 0.95934154078106848 0.89819252421243356
-28 0.96647001472973637 4.4965494088812575e-05 0.96642963578779573 0.96651039367916391 0.89799857081055534
-27 0.97369690618141957 4.0589797672202807e-05 0.97366046536586615 0.97373334700372283 0.89778280240622654
-26 0.98097792497946346 3.6621308545452406e-05 0.98094505580377467 0.98101079416124592 0.89754252614085128
-25 0.98831352040892761 3.3021959273964802e-05 0.98828389064725575 0.98834315017608676 0.89727465633772163
-24 0.99570416748139434 2.975720519101561e-05 0.99567747599809686 0.99573085896963487 0.89697564234242921
-23 1.0031503783603453 2.6795686622501738e-05 1.0031263522434797 1.0031744044816584 0.89664137559216495
-22 1.0106527195177666 2.4108919667385917e-05 1.0106311114909003 1.0106743275486325 0.89626707310150233
-21 1.0182118375081248 2.1671011988983309e-05 1.0181924235979261 1.0182312514219194 0.89584712538726707
-20 1.0258284977061147 1.9458400181948749e-05 1.0258110751463072 1.0258459202691432 0.89537489544821414
-19 1.0335036425624671 1.7449605357160268e-05 1.0334880279177789 1.0335192572100398 0.8948424479014071
-18 1.0412384792808129 1.5625003665059789e-05 1.0412245067774357 1.0412524517867747 0.89424017179888149
-17 1.0490346119214009 1.3966608626841923e-05 1.0490221319733464 1.0490470918717598 0.89355624492316588
-16 1.0568942407667468 1.2457862500056415e-05 1.0568831186899987 1.0569053628455454 0.89277585127933945
-15 1.0648204639162733 1.1083434735289914e-05 1.0648105788243083 1.0648303490100577 0.89188000114599564
-14 1.0728177351439951 9.8290273762016155e-06 1.0728089790184498 1.0728264912711536 0.8908437043984363
-13 1.0808925626208739 8.6811909037126856e-06 1.0808848395479478 1.0809002856952175 0.88963305026490525
-12 1.0890545834588627 7.6271610569166597e-06 1.0890478090125963 1.0890613579063753 0.8882004014286331
-11 1.0973182350424089 6.6547400434668783e-06 1.0973123357748533 1.0973241343110478 0.88647619597279026
-10 1.1057053980110445 5.7522677717716649e-06 1.1057003109683257 1.1057104850546928 0.88435445812967262
-9 1.1142496775189072 4.9087639756687179e-06 1.1142453496286153 1.1142540054095316 0.88166606619808396
-8 1.1230035827013372 4.1143706060334631e-06 1.122999969764811 1.1230071956378493 0.87812617581847685
-7 1.1320511774602968 3.3612855937164544e-06 1.1320482423004099 1.13205411262017 0.87322537912448661
-6 1.1415320053684164 2.6461719514878759e-06 1.1415297138110041 1.1415342969258149 0.86598960849166329
-5 1.1516912057400137 1.9715879900042463e-06 1.1516895213084382 1.1516928901715757 0.85435272688551933
-4 1.1629996469913266 1.3446334049475157e-06 1.162998526819198 1.1630007671634401 0.83306879368654918
-3 1.1764090660061461 7.9090535081135894e-07 1.1764084441895615 1.1764096878227148 0.78620859503517515
-2 1.1919528802794581 3.5282221818861645e-07 1.1919526527379054 1.1919531078209942 0.64491843478301758
-1 1.1833391126665327 1.7613206613673833e-07 1.1833390441461777 1.1833391811869067 0.38902838957316666
2 0.082521385534027283 4.7807986249210612e-09 0.0825213819735994 0.082521389094458886 0.74473574012580135
3 0.001565550643399509 2.6849167339718628e-10 0.0015655504158325613 0.0015655508709665257 0.84757569493172646
4 4.0564945956752952e-07 1.6492250616499124e-13 4.0564931478522022e-07 4.0564960436105566e-07 0.87794885913741627
5 1.9889778694241419e-14 4.6779136385290539e-18 1.9886465633236155e-14 1.9893127639209283e-14 0.71590568502178964
6 3.5155060831483006e-29 3.3191746558260016e-18 -2.0872573839681111e-18 2.0872573840534653e-18 0.62884831334640356
7 8.0999791284804186e-59 2.102864515741406e-18 -9.925781563094908e-21 9.925781563094908e-21 0.0047201241396169465
8 0 9.9999999999999995e-21 -0 9.9257816810983233e-32 9.9257816810983247e-12
G 1.0074773393342784 1.0074775263768989
returnTime 0.32953859523536971 0.32953861077127888 sEnd 0.3495386107712789
epsFactor 0.99921236993590323
