1.3334603303015114e-07 0.99257799649722178 -6.7171559228264529e-08 3.3883886265556093e-15 -1.6987393110972791e-22 9.5222266981771654e-30 -6.365862838696424e-37 5.287030112665098e-44 -5.6109512197709025e-51 7.767684351362737e-58 1.9446922743316068e-62 1.9446922743316068e-62 1.9446922743316068e-62 5.8340768229948204e-62 3.8893845486632136e-62 5.8340768229948204e-62 3.8893845486632136e-62 9.7234613716580339e-62 7.7787690973264271e-62 -2.4114184201711924e-60 -2.087216437486641e-55 -1.1040760416804875e-50 -3.7290336490338401e-46 -8.0211340186593305e-42 -1.0956398086710471e-37 -9.4731497990007688e-34 -5.1658391674316176e-30 -1.7693747578445476e-26 -3.7886515005999679e-23 -5.0439245340905902e-20 -4.1486125165222398e-17 -2.0922085011357386e-14 -6.4109283894404376e-12 -1.1803114591504451e-09 -1.2874535100177621e-07 -8.1701168420711946e-06 -0.00029434520043719625 -0.0058145834713751532 -0.059702938300230393 -0.29025542685338895 -0.53969691708389711 -0.0097178751082718038 1.0036460049073797 -0.16701908530030327 0.0014015050728045924 -6.7984772850526974e-08 2.8897131665794857e-16 -5.2814349245134752e-32 1.1434790573069848e-58
1.3353114109162357e-14 1.9879117250442044e-07 0.99257796328344838 -1.0013880608934697e-07 7.5305585314716051e-15 -5.6283060197657049e-22 4.70334107099142e-29 -4.6875101754696264e-36 5.8038171062898944e-43 -9.1823831908302415e-50 1.8950578934138412e-56 0 1.9446922743316068e-62 7.7787690973264271e-62 3.8893845486632136e-62 5.8340768229948204e-62 5.8340768229948204e-62 9.7234613716580339e-62 9.7234613716580339e-62 -2.4503122656578245e-60 -2.1028233708650619e-55 -1.112331698356951e-50 -3.7569172552133114e-46 -8.0811115257164711e-42 -1.1038323839571623e-37 -9.5439846593925044e-34 -5.2044663932004624e-30 -1.7826051422956612e-26 -3.816980895288998e-23 -5.0816401510494392e-20 -4.1796334961920861e-17 -2.1078528538062428e-14 -6.4588656884574933e-12 -1.1891371611099724e-09 -1.2970803596531314e-07 -8.2312083576030822e-06 -0.00029654614745623561 -0.005858061639389088 -0.060149363116159989 -0.29242579277896608 -0.54373246517228435 -0.0097905390707534595 1.0111507032945894 -0.16826795979486978 0.0014119847372052717 -6.8493124638295246e-08 2.9113208119213555e-16 -5.320926516264419e-32 1.1518412340866107e-58
1.3289564680514579e-21 2.9676764248033508e-14 2.9635623922390215e-07 0.99257791376862015 -1.4928610269504226e-07 1.6736365486547613e-14 -1.8647845223978006e-21 2.323134825377695e-28 -3.451653177977881e-35 6.3711177125578774e-42 -1.5027069762355605e-48 4.6233633362796866e-55 -1.7502230468984461e-61 5.8340768229948204e-62 3.8893845486632136e-62 7.7787690973264271e-62 3.8893845486632136e-62 1.1668153645989641e-61 9.7234613716580339e-62 -2.4503122656578245e-60 -2.1185471802491701e-55 -1.1206490872652386e-50 -3.7850093629262143e-46 -8.141537518589352e-42 -1.1120862197704739e-37 -9.6153491921518254e-34 -5.2433824566016649e-30 -1.7959344578162933e-26 -3.8455221248788924e-23 -5.1196377889838192e-20 -4.2108864372368203e-17 -2.1236141881228468e-14 -6.5071614416543599e-12 -1.1980288578051469e-09 -1.3067791946446864e-07 -8.2927566885811561e-06 -0.00029876355218306719 -0.0059018649177667208 -0.060599126095625698 -0.29461238770104725 -0.54779818911597078 -0.0098637459735111867 1.0187115189527696 -0.16952617291488606 0.0014225427647621533 -6.9005277699621342e-08 2.9330900315814563e-16 -5.3607134121339937e-32 1.1603978800936698e-58
1.4788264440929597e-28 4.4031322903087544e-21 6.5955424479935649e-14 4.4180542679550183e-07 0.99257783995230398 -2.2255447892050631e-07 3.7195902365638602e-14 -6.1784507718687755e-21 1.1474726273290605e-27 -2.5416283803722898e-34 6.9938691933453027e-41 -2.4591960321158477e-47 1.1279603196125894e-53 -6.7675291146739916e-60 3.8893845486632136e-62 7.7787690973264271e-62 3.8893845486632136e-62 1.1668153645989641e-61 9.7234613716580339e-62 -2.4892061111444567e-60 -2.134388449046648e-55 -1.1290286705517456e-50 -3.813311533106238e-46 -8.202415354833054e-42 -1.1204017747323736e-37 -9.6872473626142039e-34 -5.2825895199818349e-30 -1.8093634450393466e-26 -3.8742767752352953e-23 -5.1579195591873515e-20 -4.2423730761811051e-17 -2.1394933798366458e-14 -6.5558183324827712e-12 -1.2069870432803074e-09 -1.3165505538777003e-07 -8.3547652546976176e-06 -0.00030099753781674693 -0.0059459957401500584 -0.061052252225597056 -0.29681533308682501 -0.55189431471122086 -0.0099374996757668893 1.0263288721940751 -0.17079379461491581 0.0014331797425193118 -6.9521260512078805e-08 2.9550220360302926e-16 -5.4007978244515881e-32 1.169148995328162e-58
1.9625947907805745e-35 7.3044106086313229e-28 1.4588569183201728e-20 1.465832959274243e-13 6.5863985173209393e-07 0.99257772990751003 -3.3178234975212425e-07 8.2666399805538069e-14 -2.0470596502590901e-20 5.6677439204579544e-27 -1.8715305019990252e-33 7.6774912461357511e-40 -4.0244999985242951e-46 2.7518803701229005e-52 -2.4930954956931199e-58 7.7787690973264271e-62 5.8340768229948204e-62 9.7234613716580339e-62 9.7234613716580339e-62 -2.4892061111444567e-60 -2.1503481496036326e-55 -1.1374709141141792e-50 -3.8418253393012314e-46 -8.2637484191326243e-42 -1.1287795111695877e-37 -9.7596831681478027e-34 -5.3220897631526975e-30 -1.8228928505787043e-26 -3.9032464450279067e-23 -5.1964875899959215e-20 -4.2740951635628553e-17 -2.1554913117634448e-14 -6.6048390660332024e-12 -1.2160122155616545e-09 -1.3263949805779299e-07 -8.4172375031654169e-06 -0.00030324822854663593 -0.00599045655970918 -0.061508766692970271 -0.2990347513699585 -0.55602106952214336 -0.010011803964911581 1.0340031868243975 -0.17207089543565857 0.0014438962624569527 -7.0041101793188526e-08 2.9771180459487977e-16 -5.4411819842037239e-32 1.1779001105626542e-58
3.2357862337402865e-42 1.4451589054147743e-34 3.6078887286474866e-27 4.8335214721611375e-20 3.2577550763135384e-13 9.8189476441010872e-07 0.99257756585355672 -4.9461831106377018e-07 1.8372274069464194e-13 -6.7823682193434997e-20 2.7994844205086402e-26 -1.37810308800542e-32 8.427933056265327e-39 -6.5861348303879382e-45 6.7137498859515483e-51 -9.0690335274999616e-57 7.7787690973264271e-62 9.7234613716580339e-62 7.7787690973264271e-62 -2.5280999566310888e-60 -2.1664272542662612e-55 -1.1459762877415754e-50 -3.8705523682405546e-46 -8.3255401245219477e-42 -1.137219895280435e-37 -9.8326606395887423e-34 -5.3618853841723844e-30 -1.8365234272962964e-26 -3.9324327463010035e-23 -5.2353440275451708e-20 -4.3060544645542834e-17 -2.1716088740957672e-14 -6.6542263699864724e-12 -1.2251048768314277e-09 -1.3363130225001824e-07 -8.4801769099029631e-06 -0.00030551574959448676 -0.0060352498499562125 -0.06196869489263318 -0.30127076598701785 -0.56017868293380646 -0.0100866625054385 1.0417348903456056 -0.17335754653998117 0.0014546929218026473 -7.0564830515768899e-08 2.9993792928865111e-16 -5.481868142234904e-32 1.1866512257971465e-58
6.81709281632687e-49 3.5520721148123743e-41 1.0641443634197408e-33 1.7820548862861797e-26 1.6014544351814318e-19 7.2402298740273669e-13 1.4638003811164976e-06 0.99257732128309628 -7.3737270900608151e-07 4.0831633666675304e-13 -2.2471505498528397e-19 1.3827568392365484e-25 -1.0147671730102994e-31 9.2517248821218166e-38 -1.077827249636052e-43 1.6379497925653454e-49 -3.2984989411612442e-55 1.0112399826524355e-60 9.7234613716580339e-62 -2.5280999566310888e-60 -2.1826267353806709e-55 -1.1545452653729437e-50 -3.8994942206440716e-46 -8.3877939141215887e-42 -1.1457233973718597e-37 -9.9061838432871799e-34 -5.4019786004591107e-30 -1.8502559346827382e-26 -3.9618373052864892e-23 -5.2744910368498505e-20 -4.338252759846678e-17 -2.1878469648472639e-14 -6.7039829959687858e-12 -1.2342655336758517e-09 -1.3463052321966341e-07 -8.543586981218969e-06 -0.00030780022727424928 -0.006080378105900586 -0.062432062438887305 -0.30352350142886109 -0.56436738622576199 -0.010162078762120936 1.0495244142476949 -0.17465381976510461 0.0014655703234825862 -7.1092475930205033e-08 3.0218070202167309e-16 -5.5228585709901951e-32 1.195791279486505e-58
1.8734566405690206e-55 1.1156247640426735e-47 3.8992735749944629e-40 7.8358384797785732e-33 8.802154635697133e-26 5.3059785893332702e-19 1.6091118980017474e-12 2.1822209738790832e-06 0.99257695667907808 -1.099268712105073e-06 9.0746633397368631e-13 -7.445311682536861e-19 6.829886142085341e-25 -7.4722428057156775e-31 1.0156034574222295e-36 -1.7638737084890758e-42 3.9960944427215891e-48 -1.1996880538658107e-53 4.8422837630857009e-59 -2.5475468793744049e-60 -2.198947176354544e-55 -1.1631783254356433e-50 -3.9286525123938465e-46 -8.4505132636556991e-42 -1.1542904922027051e-37 -9.9802568840702598e-34 -5.4423716504037983e-30 -1.8640911394084624e-26 -3.9914617635810048e-23 -5.3139308033662973e-20 -4.3706918469310563e-17 -2.2042064904958635e-14 -6.7541117215124276e-12 -1.2434946974438153e-09 -1.3563721674048671e-07 -8.6074712562479961e-06 -0.00031010178907847342 -0.0061258438457165634 -0.062898895181908984 -0.30579308331442545 -0.56858741267620116 -0.010238055884515741 1.0573721944359145 -0.17595978769904413 0.0014765290767830514 -7.1624067597105723e-08 3.0444024845375066e-16 -5.5641555670710917e-32 1.2045423947209972e-58
7.7787690973264271e-62 4.5706667651190675e-54 1.8257321433177533e-46 4.2804124105822981e-39 5.7699277220066165e-32 4.3476730553456671e-25 1.7579898305311288e-18 3.5761859006100622e-12 3.2532357248727023e-06 0.99257641312955114 -1.6387797209722138e-06 2.0168062384621116e-12 -2.4667972828748981e-18 3.3735017980404102e-24 -5.5021868666902849e-30 1.1148729441450277e-35 -2.8865926072328179e-41 9.7492341459500733e-47 -4.3633472409997504e-52 2.6175946950958294e-57 -2.2153899384724727e-55 -1.1718759513529481e-50 -3.9580288762501803e-46 -8.5137016851380535e-42 -1.1629216594864206e-37 -1.0054883909581053e-33 -5.483066795731479e-30 -1.8780298161307085e-26 -4.0213077798693829e-23 -5.3536655352799618e-20 -4.4033735419729095e-17 -2.2206883669251808e-14 -6.8046153529253019e-12 -1.2527928847717256e-09 -1.3665143916155505e-07 -8.6718333105125672e-06 -0.00031242056380462391 -0.0061716496131794737 -0.063369219231771939 -0.30807963849814796 -0.57283899771205016 -0.0103145965333776 1.0652786718605012 -0.1772755237934571 0.0014875697983274497 -7.2159635435554101e-08 3.0671669577419242e-16 -5.6057614550122626e-32 1.2136824484103558e-58
0 2.4697591884011406e-60 1.1151042055739635e-52 2.9878304334642238e-45 4.6988056946642445e-38 4.2486917929837028e-31 2.1474581573382209e-24 5.8246141663283258e-18 7.947926676207036e-12 4.8498940020355703e-06 0.99257560280849411 -2.4430770073340991e-06 4.4822663810053861e-12 -8.1730439984985354e-18 1.6662807610022403e-23 -4.051533086076575e-29 1.2238443874220722e-34 -4.7239253591209885e-40 2.378508239242374e-45 -1.5869763777792161e-50 -8.1127816635965266e-56 -1.1806386324774984e-50 -3.9876249643849999e-46 -8.5773627323136375e-42 -1.1716173846331756e-37 -1.0130069116683617e-33 -5.5240663249870281e-30 -1.8920727486846919e-26 -4.0513770324684749e-23 -5.3936974668816129e-20 -4.4362996825790127e-17 -2.2372935208137686e-14 -6.8554967295251692e-12 -1.2621606183578796e-09 -1.376732474909878e-07 -8.736676761176827e-06 -0.00031475668174132487 -0.0062177979812561924 -0.063843060993823086 -0.31038329522787922 -0.57712237912803355 -0.010391702619822639 1.0732442934506661 -0.17860110253116396 0.0014986931135272377 -7.2699209794775711e-08 3.0901017300934805e-16 -5.6476785928917499e-32 1.2226280328722812e-58
0 0 9.0253168451729871e-59 2.7205161552002641e-51 4.8896163581939258e-44 5.1580946175257679e-37 3.1285278035688422e-30 1.0606997515221823e-23 1.9298247590256792e-17 1.7663936910457849e-11 7.2301752168080234e-06 0.99257439478433374 -3.6421139114387398e-06 9.9616413412268557e-12 -2.7079080317694815e-17 8.2302882153673571e-23 -2.9833416200257686e-28 1.3434653102535743e-33 -7.7307183068637976e-39 5.8028043510942681e-44 -5.7719185683805705e-49 -1.1886965622616525e-50 -4.0174424521438754e-46 -8.6415000087361347e-42 -1.1803781598514301e-37 -1.0205816760970298e-33 -5.5653725587090781e-30 -1.9062207318516246e-26 -4.0816712231027557e-23 -5.4340288635781967e-20 -4.4694721319036446e-17 -2.2540228916967976e-14 -6.9067587299229557e-12 -1.2715984281114828e-09 -1.38702699520203e-07 -8.8020052748400263e-06 -0.00031711027494458495 -0.0062642915574286275 -0.064320447221104526 -0.31270418337860584 -0.58143779740926671 -0.010469374913437876 1.0812695135054635 -0.17993659967577141 0.0015098996587444757 -7.3242821560972254e-08 3.1132081148107989e-16 -5.6899093806944165e-32 1.2317680865616397e-58
0 0 0 3.2825433244580357e-57 6.6372336397851012e-50 8.0019080358751181e-43 5.6622760950752548e-36 2.3036935963912478e-29 5.2391412850274683e-23 6.3939384135367572e-17 3.9257350967247271e-11 1.0778670365373346e-05 0.99257259386254715 -5.4296218581979888e-06 2.2139294061661116e-11 -8.9718816001692728e-17 4.0651947540414514e-22 -2.1967766460961872e-27 1.4747753386245775e-32 -1.2651313330925716e-37 1.4156955501084597e-42 -2.1004665134494306e-47 -4.0474788670259974e-46 -8.7061171798041027e-42 -1.1892044857893504e-37 -1.0282131170928049e-33 -5.6069878571392319e-30 -1.9204745739930443e-26 -4.1121920825298121e-23 -5.4746620293586167e-20 -4.5028927847663515e-17 -2.2708774350375943e-14 -6.9584042813833326e-12 -1.2811068528643089e-09 -1.3973985400899004e-07 -8.8678225791442733e-06 -0.00031948147764915589 -0.0063111329916198059 -0.064801405092374559 -0.31504243480001709 -0.5857854962093082 -0.010547612453536673 1.089354795770838 -0.18128209264460313 0.0015211900845231846 -7.3790502316970974e-08 3.1364874549192223e-16 -5.7324562728105402e-32 1.2409081402509983e-58
0 0 0 0 1.1938887870345264e-55 1.61928321537143e-48 1.3095202660526754e-41 6.2157374205189453e-35 1.696325808336141e-28 2.5877813845417914e-22 2.1184529334447421e-16 8.7247748210309186e-11 1.60687187828862e-05 0.99256990904251063 -8.0944097348666823e-06 4.9203509820905115e-11 -2.9725727055251706e-16 2.0079220396752542e-21 -1.6175875797436989e-26 1.6189148771456527e-31 -2.0703787287358761e-36 3.453820991037122e-41 -1.1712823602924078e-45 -8.7712179680966784e-42 -1.1980968739869823e-37 -1.0359016769101803e-33 -5.6489146317389315e-30 -1.9348351009862122e-26 -4.1429413789440765e-23 -5.5155993179464134e-20 -4.5365635767907183e-17 -2.2878581268158191e-14 -7.0104363738068793e-12 -1.2906864429273563e-09 -1.4078477096193356e-07 -8.934132480110696e-06 -0.00032187042688283554 -0.0063583249880286002 -0.065285962328573754 -0.31739818383503882 -0.59016572306165649 -0.010626411664710579 1.0975006165472607 -0.18263766106683266 0.0015325650604259822 -7.4342284581200236e-08 3.1599411335071695e-16 -5.7753217967451812e-32 1.25024266316779e-58
0 0 0 0 2.9170384114974102e-61 4.3422666635649054e-54 3.9505575405404232e-47 2.1430422816133239e-40 6.823294227244011e-34 1.2490896591074296e-27 1.2781882072439981e-21 7.0188972678196382e-16 1.9390414440840092e-10 2.3955037227255492e-05 0.9925659064890312 -1.2067021832796198e-05 1.0935221227961322e-10 -9.8487346627821177e-16 9.9177032877475013e-21 -1.1910999068199074e-25 1.7771344245211292e-30 -3.388142201566023e-35 8.4261001660278249e-40 -8.8645749580750562e-42 -1.2070558505339258e-37 -1.0436478103767653e-33 -5.6911553624254869e-30 -1.9493031621137395e-26 -4.1739209305535376e-23 -5.5568431494902555e-20 -4.5704864980807632e-17 -2.3049659703936724e-14 -7.0628580806539465e-12 -1.3003377639167042e-09 -1.4183751204204823e-07 -9.0009388880796941e-06 -0.00032427726338559723 -0.0064058703228352222 -0.065774147367034963 -0.319771568095157 -0.59457873044185183 -0.010705765028162048 1.105707469345407 -0.18400338761980697 0.0015440252822820216 -7.4898202165821898e-08 3.1835705890967866e-16 -5.8185085811568213e-32 1.2595771860845817e-58
0 0 0 0 0 1.5635325885626119e-59 1.5793156861690261e-52 9.6381520616549964e-46 3.5071070965998283e-39 7.4902320382791281e-33 9.1976661438096556e-27 6.3133759634894855e-21 2.3255115376256264e-15 4.3094257449359471e-10 3.5711801934327921e-05 0.99255993941338272 -1.798928864818925e-05 2.430288518059494e-10 -3.2630738046078333e-15 4.8986177087548623e-20 -8.7705397476189215e-25 1.9508044588872684e-29 -5.5445966056159577e-34 2.0547609345908714e-38 -1.2160920609266886e-37 -1.0514519896392514e-33 -5.7337126233990904e-30 -1.9638796388887365e-26 -4.2051326244248349e-23 -5.5983960355729767e-20 -4.6046636137134533e-17 -2.3222020068039998e-14 -7.1156725902958628e-12 -1.3100614024858692e-09 -1.4289814119052243e-07 -9.0682458565756751e-06 -0.00032670213298660415 -0.0064537718707252901 -0.066265989622430618 -0.32216272962145609 -0.59902477735617188 -0.010785659085645962 1.113975871867301 -0.18537935928327431 0.0015555714830572406 -7.5458290713863757e-08 3.207377338697463e-16 -5.8620193979106747e-32 1.2689117090013734e-58
0 0 0 0 0 0 8.4712740162159123e-58 5.7440889394868834e-51 2.35141272883536e-44 5.7394064037274627e-38 8.2223516738817167e-32 6.7726900519025996e-26 3.1183721148448784e-20 7.7049075975234197e-15 9.5774718858021129e-10 5.3238481047423481e-05 0.99255104351984058 -2.6817998251550335e-05 5.4011503232169702e-10 -1.0811131066785663e-14 2.4195425315341782e-19 -6.4580453032975699e-24 2.1414257319070701e-28 -9.0734625635412509e-33 3.789761077079323e-37 -1.0593147480112588e-33 -5.7765891218757219e-30 -1.9785654582898837e-26 -4.2365784447451014e-23 -5.6402606167172032e-20 -4.6390970944707765e-17 -2.3395673301789638e-14 -7.1688832530306649e-12 -1.3198579749222097e-09 -1.4396672555608718e-07 -9.1360576405874548e-06 -0.00032914518866907508 -0.0065020326446614115 -0.066761519878017844 -0.32457181662507045 -0.60350413172128203 -0.010866071440580006 1.1223063764811563 -0.18676566922146134 0.0015672044491667197 -7.6022588505280107e-08 3.2313630124019933e-16 -5.9058572251875225e-32 1.2784407011455983e-58
0 0 0 0 0 0 0 4.5931200654369638e-56 2.0891661801631748e-49 5.7367182612038701e-43 9.3925696196381714e-37 9.0260187650419303e-31 4.9870538821076959e-25 1.5402577002536979e-19 2.5527916021746695e-14 2.128536676572625e-09 7.9366645317104805e-05 0.99253778109224355 -3.9979416722563017e-05 1.2003612385003438e-09 -3.5818884155445462e-14 1.1950578015606179e-18 -4.7552224465621446e-23 2.3506396568014378e-27 -1.4848025810072491e-31 -1.0550024155249953e-33 -5.819787757547702e-30 -1.9933616126226504e-26 -4.2682605152329713e-23 -5.6824397186678029e-20 -4.6737892629573023e-17 -2.3570631109026826e-14 -7.2224936516355311e-12 -1.3297281400466872e-09 -1.4504333688961217e-07 -9.2043787840214761e-06 -0.00033160659366867062 -0.0065506558555594105 -0.0672607708726565 -0.32699898609818134 -0.60801707393213222 -0.010946966251958869 1.1306995859460554 -0.18816241960860913 0.0015789250449648434 -7.6591137667129113e-08 3.2555294053278581e-16 -5.950025342232615e-32 1.2879696932898232e-58
0 0 0 0 0 0 0 5.0561999132621776e-61 2.490441613040185e-54 7.5984368348622593e-48 1.3995793658704312e-41 1.5370964337189473e-35 9.908217562595184e-30 3.6721962033910075e-24 7.6077738412318224e-19 8.4578852150200854e-14 4.7305273018625015e-09 0.00011831726429600541 0.99251800845734572 -5.9599574837288707e-05 2.6676791185004153e-09 -1.1867193639973886e-13 5.902534120474864e-18 -3.501330528219619e-22 2.5802382190084481e-26 -2.4307717469311992e-30 -5.863013258800005e-30 -2.0082691893431455e-26 -4.3001811628129245e-23 -5.7249364368920215e-20 -4.7087426628389231e-17 -2.3746906303713593e-14 -7.2765077072898425e-12 -1.3396726185806407e-09 -1.4612805363783177e-07 -9.2732142509949793e-06 -0.00033408652612500602 -0.0065996450018760899 -0.067763778182016926 -0.32944440773313455 -0.61256390221503021 -0.011028287462298692 1.13915617702701 -0.1895697258725341 0.0015907342495268702 -7.716398599114888e-08 3.2798785556287575e-16 -5.9945274716605651e-32 1.2976931546614812e-58
0 0 0 0 0 0 0 0 4.0235683155920944e-59 1.3503430882119773e-52 2.7635968765399639e-46 3.4145271911142301e-40 2.5154557667458549e-34 1.0876609115456451e-28 2.7039965870157478e-23 3.7576812879707488e-18 2.8022441418643706e-13 1.0513207366339135e-08 0.00017638222930958932 0.99248852909402385 -8.8847419508865388e-05 5.9285589765400235e-09 -3.9316661637266035e-13 2.9152719373040124e-17 -2.5780078401390769e-21 2.8321724023910371e-25 -4.5664602396860992e-29 -2.0232886878190333e-26 -4.3323430132548264e-23 -5.7677542634990186e-20 -4.7439601628393679e-17 -2.3924513332027575e-14 -7.3309298386701436e-12 -1.3496922222342346e-09 -1.4722096408805015e-07 -9.3425696230317702e-06 -0.00033658518606788845 -0.0066490040041604619 -0.068270581542006589 -0.33190826980777288 -0.6171449406633015 -0.011109948617190125 1.1476769359734942 -0.19098772307030631 0.0016026332119118583 -7.7741189664624301e-08 3.3044128617057691e-16 -6.0393679932661152e-32 1.3074166160331392e-58
0 0 0 0 0 0 0 0 0 3.2522839126694359e-57 7.3216810129224284e-51 1.0051338144597096e-44 8.3303295287902975e-39 4.1165233360882615e-33 1.1939593678200558e-27 1.9910587865093994e-22 1.8560066273122259e-17 9.2842496820663265e-13 2.3364517979954455e-08 0.00026293989452954469 0.99244457598683933 -0.0001324460297684519 1.3175152394654017e-08 -1.3025495440716881e-12 1.4398132804563456e-16 -1.8980984433066151e-20 3.108551557714768e-24 -2.1034754662942845e-26 -4.3647491171291029e-23 -5.810897277955818e-20 -4.7794451130103264e-17 -2.4103469056883469e-14 -7.385765201011753e-12 -1.3597878974155104e-09 -1.4832217109341874e-07 -9.4124513953682282e-06 -0.00033910280591466696 -0.0066987374072225115 -0.068781226837192511 -0.33439078802724082 -0.62176055130503438 -0.01119181755435485 1.1562628118443643 -0.19241657547144331 0.0016146233342290894 -7.8322817375229313e-08 3.3291352583916206e-16 -6.084552265410381e-32 1.3171400774047973e-58
0 0 0 0 0 0 0 0 0 1.1668153645989641e-61 2.6288783830791836e-55 3.9698661724001139e-49 3.6557056331136441e-43 2.0323179020596172e-37 6.7366189779305512e-32 1.3106376833726206e-26 1.466083043249998e-21 9.1671634836804174e-17 3.0759740766185713e-12 5.1924501325752903e-08 0.00039196799740932018 0.99237903880218681 -0.00019743395217678962 2.9278488419035162e-08 -4.3151458548652456e-12 7.1107138555210785e-16 -1.3974247881730499e-19 3.4096186214895316e-23 -4.3984675469853065e-23 -5.8543704333800671e-20 -4.8152015796699438e-17 -2.4283793937387296e-14 -7.4410200455134432e-12 -1.3699607909420196e-09 -1.494317991767947e-07 -9.4828674224065776e-06 -0.00034163966625120701 -0.0067488506840512703 -0.069295769089834189 -0.33689221881375825 -0.62641115223360722 -0.011273693361680425 1.164914996700287 -0.19385649097029917 0.0016267063965661841 -7.8908956484593751e-08 3.3540494819284444e-16 -6.1300871083790182e-32 1.3270580080038885e-58
0 0 0 0 0 0 0 0 0 1.9446922743316068e-62 1.2912756701561869e-59 2.12496147156975e-53 2.1524770077754266e-47 1.3295840146143146e-41 4.9581299678231857e-36 1.1024265621801589e-30 1.4387038175950292e-25 1.0795130733119728e-20 4.5277691673171416e-16 1.019086627289435e-11 1.1539281486936281e-07 0.00058429679620484445 0.99228130927937874 -0.00029429845638353938 6.5061118279096252e-08 -1.4294608588795365e-11 3.5114807286479428e-15 -1.0287294927531343e-18 3.3009165525968751e-22 -5.8981974003337383e-20 -4.8512346988375158e-17 -2.4465513803215935e-14 -7.4967022600245528e-12 -1.3802123488962727e-09 -1.5055000521753749e-07 -9.5538275878286228e-06 -0.00034419611957132551 -0.0067993506929850131 -0.069814276955874915 -0.33941287929388725 -0.63109724485951679 -0.011355271666927326 1.1736350462916505 -0.19530774277786639 0.0016388847450210066 -7.9499722320406651e-08 3.3791604688003816e-16 -6.1759815319100932e-32 1.3369759386029797e-58
0 0 0 0 0 0 0 0 0 1.9446922743316068e-62 1.9446922743316068e-62 1.5543925348732533e-57 1.7176255589113439e-51 1.1670718277081221e-45 4.8356652228819473e-40 1.2095933880713469e-34 1.8040634560203794e-29 1.5792600318100204e-24 7.9485801850520354e-20 2.2362708649000432e-15 3.3762022805767781e-11 2.5643167423844259e-07 0.00087096288829070887 0.99213555442113455 -0.00043866111981538067 1.4456540150472001e-07 -4.734919504454145e-11 1.7338946831923549e-14 -7.5721870767757418e-18 -5.5315405631944004e-20 -4.8875514932610071e-17 -2.4648662526485322e-14 -7.5528221832065644e-12 -1.3905444654794727e-09 -1.5167699454312205e-07 -9.6253448135952963e-06 -0.00034677262602046216 -0.0068502463660236384 -0.07033683949349924 -0.34195317738297143 -0.63581945489632985 -0.011436092274817754 1.1824250618871543 -0.19677070210574069 0.001651161575027959 -8.0095272178040314e-08 3.4044749567131797e-16 -6.222247831464717e-32 1.347088338429504e-58
0 0 0 0 0 0 0 0 0 1.9446922743316068e-62 1.9446922743316068e-62 1.7502230468984461e-61 1.8730301695532596e-55 1.3883573067471069e-49 6.327778931221353e-44 1.7586949561896226e-38 2.9508952635312403e-33 2.9521993813066136e-28 1.7335094191924879e-23 5.8524775923478157e-19 1.1044621962438062e-14 1.1184827730412704e-10 5.6982878714353403e-07 0.0012981976215439678 0.99191812991006389 -0.00065378208755435981 3.2119028720670538e-07 -1.5681894824168245e-10 8.5602904597079508e-14 -5.5785382830551821e-17 -4.9196540005965462e-17 -2.4833286097043263e-14 -7.6093938321310319e-12 -1.4009597074500533e-09 -1.5281304519116457e-07 -9.6974365812109266e-06 -0.00034936980728381736 -0.0069015497464745947 -0.070863576365627637 -0.34451365712016052 -0.64057859405187711 -0.011515460004441449 1.1912879646485972 -0.19824588749204913 0.0016635413589708547 -8.0695826453266442e-08 3.4300023916695456e-16 -6.268903242853999e-32 1.3570062690285952e-58
0 0 0 0 0 0 0 0 0 1.9446922743316068e-62 1.9446922743316068e-62 1.9446922743316068e-62 2.8120250286835034e-59 2.2569925088788681e-53 1.1221916504094974e-47 3.4308128817858414e-42 6.3961058228438877e-37 7.198758289743798e-32 4.8308909895909896e-27 1.902761361962562e-22 4.3089641474701127e-18 5.4545246369564796e-14 3.7051475605163931e-10 1.2661553598387752e-06 0.0019348383381877546 0.9915936968334107 -0.00097427426625272908 7.1349931242186145e-07 -5.1928200970408322e-10 4.2252727665660736e-13 -4.5959443330496721e-16 -2.5018954331235095e-14 -7.6664367576546639e-12 -1.4114616531888906e-09 -1.5395854456144371e-07 -9.7701272297514193e-06 -0.00035198852798460186 -0.0069532775561606201 -0.071394653246476453 -0.34709506710050814 -0.6453757529912455 -0.011592324630118365 1.2002279106167153 -0.19973403942050724 0.0016760304931159784 -8.1301700615219081e-08 3.4557563003693021e-16 -6.3159724456696008e-32 1.3673131380825527e-58
0 0 0 0 0 0 0 0 0 1.9446922743316068e-62 1.9446922743316068e-62 1.9446922743316068e-62 3.8893845486632136e-62 5.0491406803063539e-57 2.7196084600466077e-51 9.0703160603963779e-46 1.8600767820326888e-40 2.3260931016475675e-35 1.7560852367668588e-30 7.9047914509630343e-26 2.0884347216075952e-21 3.172345881728056e-17 2.6935964982571377e-13 1.2272837284798718e-09 2.8130968885235146e-06 0.0028833203649962068 0.99110937220996342 -0.0014515977788341914 1.5846188483857079e-06 -1.7190429948617642e-09 2.0847890959010102e-12 -2.8222298987452572e-14 -7.7239734347835698e-12 -1.4220554064244675e-09 -1.551140449440274e-07 -9.843451437158555e-06 -0.0003546300189826118 -0.0070054535690005212 -0.071930305149052701 -0.34969846402894988 -0.65021244165840608 -0.011665097942074361 1.2092509205219417 -0.20123623360006676 0.0016886382798382052 -8.1913353753447503e-08 3.4817563741011489e-16 -6.3634913645396007e-32 1.3776200071365102e-58
0 0 0 0 0 0 0 0 0 1.9446922743316068e-62 1.9446922743316068e-62 1.9446922743316068e-62 1.9446922743316068e-62 1.6529884331818658e-60 9.0697287549880352e-55 3.2769443268599989e-49 7.330984693645974e-44 1.0084328402877265e-38 8.4589832794739731e-34 4.2836111446149662e-29 1.2933801681880672e-24 2.2920567573188495e-20 2.3353404251948677e-16 1.330034140095065e-12 4.0647105145685091e-09 6.2490691625467121e-06 0.0042959376097898554 0.99038587515933385 -0.0021621559488706082 3.5180882429099249e-06 -5.6883837996886386e-09 1.025637873076361e-11 -7.8042196405522947e-12 -1.4327483184998984e-09 -1.5628034800207879e-07 -9.9174595162797229e-06 -0.00035729606491948163 -0.0070581122205787706 -0.072470871886062688 -0.35232536999952352 -0.65509080160561506 -0.011731373065086084 1.2183658404761191 -0.20275405383093589 0.0017013784267620503 -8.2531462680730569e-08 3.5080316497751379e-16 -6.4115129716383498e-32 1.3881213454179009e-58
0 0 0 0 0 0 0 0 0 1.9446922743316068e-62 1.9446922743316068e-62 1.9446922743316068e-62 1.9446922743316068e-62 9.7234613716580339e-62 4.187700343545682e-58 1.6291502671278881e-52 3.9483122606206951e-47 5.924873859936088e-42 5.4668436887198387e-37 3.0759470505960889e-32 1.0448149268960325e-27 2.1160265805908442e-23 2.5152544358309578e-19 1.7189497867605469e-15 6.5663695426020409e-12 1.345960851540955e-08 1.3878605189371295e-05 0.0063988022851912329 0.98930403291084168 -0.00321915221586442 7.8066562351640346e-06 -1.8811359551381365e-08 4.2826948597190318e-11 -1.4437141845883208e-09 -1.574586334633869e-07 -9.9922255218107803e-06 -0.00035998929124381732 -0.0071113041305366793 -0.073016852291458392 -0.35497801267562856 -0.66001392845323126 -0.011787489452174133 1.2275858183393817 -0.20428985782485307 0.001714271352594558 -8.3157035926432138e-08 3.5346254036945055e-16 -6.4601162132732198e-32 1.3984282144718584e-58
0 0 0 0 0 0 0 0 0 1.9446922743316068e-62 1.9446922743316068e-62 1.9446922743316068e-62 1.9446922743316068e-62 7.7787690973264271e-62 3.1115076389305709e-61 1.1211751871434482e-55 2.9261830843462637e-50 4.7568969941506139e-45 4.7880809276436428e-40 2.9633771664956359e-35 1.1183924882978597e-30 2.548099162335203e-26 3.4614263423565507e-22 2.75973260934712e-18 1.2650031570781937e-14 3.241057630554953e-11 4.4556697484334166e-08 3.0812474925395068e-05 0.0095269349993883472 0.98768401521502136 -0.0047897902631803832 1.7309637752102735e-05 -6.2158182362798404e-08 -1.2050817320378606e-09 -1.5865185517109064e-07 -1.0067859766854704e-05 -0.00036271360747261965 -0.0071651046268800629 -0.073568987845783709 -0.35765969502164635 -0.66498636423441904 -0.011827848792888961 1.2369305974876663 -0.205847190567887 0.0017273477740777695 -8.3791591099619557e-08 3.5616027665916771e-16 -6.5094198999697249e-32 1.4093184912081154e-58
0 0 0 0 0 0 0 0 0 1.9446922743316068e-62 3.8893845486632136e-62 1.9446922743316068e-62 1.9446922743316068e-62 7.7787690973264271e-62 3.8893845486632136e-62 1.0742480123407796e-58 3.0019635937330018e-53 5.2553586461381687e-48 5.730480650495611e-43 3.8689450361603796e-38 1.6061217741854648e-33 4.0657631841892777e-29 6.2131976335848199e-25 5.6610649902100845e-21 3.0272299514861608e-17 9.3066578424679821e-14 1.5991792646701778e-10 1.4743846139497033e-07 6.8372772175883377e-05 0.014175168058901493 0.98525295586693684 -0.0071198455051177268 3.8335943729318208e-05 -2.0651281271015475e-07 -1.5863359648737964e-07 -1.0144537194093369e-05 -0.00036547490078725329 -0.0072196270766528405 -0.074128393292780009 -0.36037537121284624 -0.67001485506619385 -0.011843816511383441 1.2464301376906342 -0.20743143767765268 0.0017406543783699455 -8.4437435449050341e-08 3.5890627711513698e-16 -6.5596046809317065e-32 1.4200142987169393e-58
0 0 0 0 0 0 0 0 0 3.8893845486632136e-62 1.9446922743316068e-62 1.9446922743316068e-62 1.9446922743316068e-62 9.7234613716580339e-62 5.8340768229948204e-62 2.5280999566310888e-61 4.2848902293399528e-56 8.0368525361686461e-51 9.4372280150609184e-46 6.9022615625919003e-41 3.1256994378536669e-36 8.7032701715949474e-32 1.4777099237768439e-27 1.5145983487047126e-23 9.2556190517636608e-20 3.3194376606876482e-16 6.8439556718731048e-13 7.8864521412855193e-10 4.8756770806948525e-07 0.00015160151056948154 0.021070864735334614 0.98159359306309213 -0.010567877504754826 8.4752846107961043e-05 -8.3614261866578086e-07 -1.0216478937392355e-05 -0.00036828220677891799 -0.0072750441319184168 -0.074696764452567399 -0.36313255928181704 -0.67510953059217627 -0.011821905150853481 1.2561304636530182 -0.20905088261873711 0.0017542630082150274 -8.5098120347765812e-08 3.6171578720144426e-16 -6.6109486467353223e-32 1.4310990446806294e-58
0 0 0 0 0 0 0 0 0 1.9446922743316068e-62 1.9446922743316068e-62 3.8893845486632136e-62 1.9446922743316068e-62 9.7234613716580339e-62 3.8893845486632136e-62 7.7787690973264271e-62 8.5547013147847382e-59 1.7099688561061503e-53 2.1512445557461578e-48 1.694334397362321e-43 8.3117438023302147e-39 2.5245736786895064e-34 4.7147209283503043e-30 5.3689095358636916e-26 3.6906757224593259e-22 1.5125513571165639e-18 3.6378563069697133e-15 5.0296567506515541e-12 3.8862245184943726e-09 1.610825498940433e-06 0.00033575145914855551 0.031275173154333688 0.97606106265915948 -0.015650732310225061 0.00018671536200154092 -1.251733628932712e-05 -0.00037111988746263338 -0.0073316230022404021 -0.075276717795200343 -0.36594282398487882 -0.68028577066783902 -0.011740645450037283 1.2661034261652575 -0.21071847553094197 0.0017682860446187768 -8.5779202842992846e-08 3.646126663281691e-16 -6.6638869997721607e-32 1.4425727290991859e-58
0 0 0 0 0 0 0 0 0 1.9446922743316068e-62 1.9446922743316068e-62 1.9446922743316068e-62 1.9446922743316068e-62 9.7234613716580339e-62 3.8893845486632136e-62 9.7234613716580339e-62 2.9170384114974102e-61 5.084345444548579e-56 6.8223991604203161e-51 5.7567802419189231e-46 3.0410529724042415e-41 1.0005637129765671e-36 2.0382594688460783e-32 2.5529077414901262e-28 1.9496602782994869e-24 8.9878262486315453e-21 2.4700849207303771e-17 3.9835504438837799e-14 3.6927213437589448e-11 1.9127854797976952e-08 5.3142763807266268e-06 0.00074227981450247858 0.04631769827245398 0.96764484550279473 -0.023098899715416919 0.00039998289260680223 -0.000381331179078127 -0.0073896401877858184 -0.075872370388101407 -0.36882427424288933 -0.68556723022646449 -0.011564891201004195 1.2764637623269899 -0.21245493488075276 0.0017829034153107604 -8.6489583720102411e-08 3.676351385267806e-16 -6.7191169279012888e-32 1.4546298212000419e-58
0 0 0 0 0 0 0 0 0 3.8893845486632136e-62 1.9446922743316068e-62 1.9446922743316068e-62 1.9446922743316068e-62 7.7787690973264271e-62 5.8340768229948204e-62 9.7234613716580339e-62 5.8340768229948204e-62 2.1222426789780825e-58 3.0234855420268752e-53 2.7210621365731595e-48 1.5399301086557491e-43 5.4557749230150603e-39 1.2038640029674859e-34 1.644670731108077e-30 1.3814167961746638e-26 7.0745306475450315e-23 2.1868329295185993e-19 4.0295859883525491e-16 4.3567349519585451e-13 2.7071942956160587e-10 9.398095117547118e-08 1.7494665765397424e-05 0.0016366447630792498 0.068359921162791201 0.954734132536181 -0.033919162216891389 0.00051823526621881731 -0.0074736410995514327 -0.076489672743518478 -0.37180601562105631 -0.69099090317762979 -0.011234657873528156 1.2874008942445689 -0.21429455313300796 0.0017984132329307008 -8.7244018535646877e-08 3.7084658934991272e-16 -6.7777944865768517e-32 1.4672703209831973e-58
0 0 0 0 0 0 0 0 0 1.9446922743316068e-62 1.9446922743316068e-62 1.9446922743316068e-62 1.9446922743316068e-62 7.7787690973264271e-62 3.8893845486632136e-62 9.7234613716580339e-62 5.8340768229948204e-62 1.4001784375187569e-60 1.8797029921541737e-55 1.7971859846834402e-50 1.0847339276523961e-45 4.1169376516576904e-41 9.7814853016407625e-37 1.4473863840516993e-32 1.3259419179616188e-28 7.4676430185236939e-25 2.564117525892675e-21 5.3136965173470866e-18 6.5634141990677896e-15 4.7560856180001631e-12 1.9803173069026824e-09 4.6052806516936294e-07 5.7404476370575705e-05 0.0035938164726242476 0.10035208373768549 0.93470272437879054 -0.049734465516922843 -0.005579917078526452 -0.07721694585118026 -0.37493321247255701 -0.69661615815223799 -0.01064095208065512 1.2992437741118861 -0.21629709867887195 0.0018153358196402033 -8.8068281810608921e-08 3.743577837325847e-16 -6.841939696415758e-32 1.4812721053583849e-58
0 0 0 0 0 0 0 0 0 1.9446922743316068e-62 1.9446922743316068e-62 1.9446922743316068e-62 1.9446922743316068e-62 9.7234613716580339e-62 3.8893845486632136e-62 9.7234613716580339e-62 7.7787690973264271e-62 1.3612845920321247e-61 1.6451707702390527e-57 1.6650605209993183e-52 1.0675930156795283e-47 4.3210919399095038e-43 1.0997281699913267e-38 1.7520089787994073e-34 1.7382476504541959e-30 1.0676199410622775e-26 4.0309040562941102e-23 9.2775900171530422e-20 1.2885768331607164e-16 1.0665447800584336e-13 5.1775958900626704e-11 1.4437732145834515e-08 2.2475409860477514e-06 0.00018741286777372701 0.0078410113867645511 0.1460545891631328 0.9028738871616967 -0.078423764456024767 -0.073733100469364474 -0.3785394231624441 -0.70252473714708541 -0.0095670174929755446 1.3126110902924772 -0.21857555255374325 0.0018346567234806431 -8.9011247672836808e-08 3.7837887662460283e-16 -6.9153847215089069e-32 1.4972185820079041e-58
0 0 0 0 0 0 0 0 0 3.8893845486632136e-62 3.8893845486632136e-62 1.9446922743316068e-62 3.8893845486632136e-62 9.7234613716580339e-62 3.8893845486632136e-62 7.7787690973264271e-62 7.7787690973264271e-62 1.3612845920321247e-61 2.0438715803225187e-59 2.1714993034215592e-54 1.473818244442407e-49 6.3362777305437344e-45 1.7195514913278099e-40 2.934097828027182e-36 3.1337336676314847e-32 2.0841833510630564e-28 8.5801013119365817e-25 2.1710543640036535e-21 3.3482741296727096e-18 3.1154241519732674e-15 1.7269525631404491e-12 5.6124774570351679e-10 1.0471724263772098e-07 1.0899050285702828e-05 0.00060693508221062792 0.016925227910271245 0.20927267359372526 0.8455425640365638 -0.17807130110256636 -0.37346135191385504 -0.7096848840150447 -0.0074499584605885408 1.3288014938957204 -0.22136930705602295 0.0018584699318954111 -9.0176903050379607e-08 3.8335731794781131e-16 -7.0062876603903812e-32 1.5168599739786533e-58
0 0 0 0 0 0 0 0 0 1.9446922743316068e-62 1.9446922743316068e-62 1.9446922743316068e-62 1.9446922743316068e-62 9.7234613716580339e-62 3.8893845486632136e-62 7.7787690973264271e-62 7.7787690973264271e-62 1.3612845920321247e-61 4.6672614583958563e-61 3.9991352018573921e-56 2.8639487136370674e-51 1.3031604791389477e-46 3.755844677277841e-42 6.8324024433284192e-38 7.814044657877393e-34 5.5931363283948783e-30 2.4926322475119845e-26 6.8748730205544786e-23 1.1651785971704902e-19 1.2032680929894127e-16 7.4938783923667874e-14 2.77898281862835e-11 6.0374280114490405e-09 7.5220259335225163e-07 5.2190370974270854e-05 0.0019318388624410974 0.035600243396978357 0.28633455995283869 0.69441171164158355 -0.52240539945406494 -0.6982133651069824 -0.0058552278670543521 1.3503790625070773 -0.22511619431554253 0.0018905635722137387 -9.1752874456562121e-08 3.900997502615574e-16 -7.1293578882776854e-32 1.5436967273644295e-58
0 0 0 0 0 0 0 0 0 1.9446922743316068e-62 1.9446922743316068e-62 1.9446922743316068e-62 1.9446922743316068e-62 9.7234613716580339e-62 3.8893845486632136e-62 9.7234613716580339e-62 5.8340768229948204e-62 1.3612845920321247e-61 1.3612845920321247e-61 1.0408770929132492e-57 7.8390914311409205e-53 3.7617713639489266e-48 1.1468109190624671e-43 2.2140997026441658e-39 2.6975682607437883e-35 2.0657547216152361e-31 9.8976278940506502e-28 2.9514942778616991e-24 5.444346326515086e-21 6.167322460136653e-18 4.2532910949394351e-15 1.7669771332025863e-12 4.3638817097258004e-10 6.2991224724057981e-08 5.1955320075879351e-06 0.00023721829132493743 0.0057148290518002527 0.06691996221968248 0.31857876678924035 0.26956053177575229 -0.91133927102622603 0.030075144615476564 1.3607916945265608 -0.22734273989827944 0.001909764970529767 -9.2683458839190776e-08 3.9403937734944743e-16 -7.2014291779584598e-32 1.5590597963316492e-58
0 0 0 0 0 0 0 0 0 0 0 3.8893845486632136e-62 0 7.7787690973264271e-62 3.8893845486632136e-62 7.7787690973264271e-62 3.8893845486632136e-62 1.1668153645989641e-61 3.8893845486632136e-62 3.5743444002214933e-59 2.8043745314885919e-54 1.4098172579615154e-49 4.5129530381259354e-45 9.1720966422033127e-41 1.1797056323258701e-36 9.5671551281250508e-33 4.8717516144022511e-29 1.5502553006654779e-25 3.0656958896380689e-22 3.7431507935523468e-19 2.8000455581753416e-16 1.2712775815821063e-13 3.4628039234610064e-11 5.5761563696788468e-09 5.2067080109726332e-07 2.7450836843567048e-05 0.00078579003932441392 0.011455382343834799 0.074923084184715188 0.14712509517181727 -0.19617058649299357 -0.36795862147918629 1.2436976087306562 -0.19655935888906198 0.0016197866403968924 -7.7891931524958683e-08 3.2977265217537629e-16 -6.0317231297666782e-32 1.3029438238021765e-58
-0 -0 -0 -0 -0 -0 -0 -0 -0 -0 -0 -0 -0 -0 -0 -0 -0 -0 -0 -0 -0 -0 -0 -0 -0 -0 -0 -0 -0 -0 -0 -0 -0 -0 -0 -0 -0 -0 -0 -0 -0 -0 -0 -0 -0 -0 -0 -0 -0
-0 -0 -0 -0 -0 -0 -0 -0 -0 -0 -0 -0 -0 -0 -0 -0 -0 -0 -0 -0 -0 -0 -0 -0 -0 -0 -0 -0 -0 -0 -0 -0 -0 -0 -0 -0 -0 -0 -0 -0 -0 -0 -0 -0 -0 -0 -0 -0 -0
0 0 0 0 0 0 0 0 0 -3.8893845486632136e-62 3.8893845486632136e-62 3.8893845486632136e-62 7.7787690973264271e-62 3.8893845486632136e-62 1.5557538194652854e-61 1.5557538194652854e-61 1.1668153645989641e-61 1.5557538194652854e-61 1.5557538194652854e-61 4.6672614583958563e-61 2.2328878906184536e-56 1.1726224895038966e-51 3.9292360603849437e-47 8.3779903475644022e-43 1.1332965782104526e-38 9.692742086604061e-35 5.2213252541111633e-31 1.7637589991299155e-27 3.717246083862884e-24 4.8591104479714513e-21 3.9120348858994309e-18 1.9235223423978647e-15 5.7166932183007692e-13 1.0136508285379119e-10 1.0543318278733644e-08 6.2870044285075865e-07 2.0793352995969253e-05 0.00036199980235749035 0.0030106730947535802 0.0092778795332300688 -0.0027034838185198556 -0.03722449488511903 0.05675633044653057 1.0308789684932347 -0.024479314122687189 2.7919535449771594e-06 -2.5918680623996104e-14 5.301447877887901e-30 -2.0598919552784625e-56
0 0 0 0 0 0 0 0 0 0 0 3.8893845486632136e-62 3.8893845486632136e-62 7.7787690973264271e-62 1.1668153645989641e-61 1.5557538194652854e-61 1.9446922743316068e-61 1.9446922743316068e-61 2.3336307291979281e-61 3.5004460937968922e-61 1.3022826284289038e-57 6.8460152574351203e-53 2.2971964381975799e-48 4.9055809180741217e-44 6.6467840465326289e-40 5.6950397596818684e-36 3.0738816153146642e-32 1.0406089994539768e-28 2.198423490895664e-25 2.8814152315482771e-22 2.3267535058337679e-19 1.1479201881120961e-16 3.4247765981750104e-14 6.09966966923412e-12 6.3775890365841537e-10 3.8266973916053052e-08 1.2753301624050671e-06 2.2421583763717386e-05 0.0001890526133801887 0.00059717285733239364 -0.00013483082084044174 -0.0024446225769906042 0.0034227601113684162 0.073063204227492407 0.99169468937869398 -0.00033929211412767909 7.4014627558786993e-12 -2.612578445749161e-27 1.1108923856010778e-53
0 0 0 0 0 0 0 0 0 0 0 0 0 0 0 0 1.9446922743316068e-62 3.8893845486632136e-62 5.8340768229948204e-62 7.7787690973264271e-62 8.7511152344922305e-61 4.1725181309599752e-56 1.4009197485157837e-51 2.9935387371544892e-47 4.0589315618008761e-43 3.4804302200937663e-39 1.8801577865471846e-35 6.3709827412740022e-32 1.3473786557781814e-28 1.7680730930967725e-25 1.4296464297347052e-22 7.0640904924431514e-20 2.1112749083393444e-17 3.768034284273967e-15 3.9493568746859861e-13 2.3767109597098607e-11 7.9500226536714629e-10 1.4043694088120624e-08 1.1921290154244171e-07 3.8117981075409297e-07 -7.3503681053989405e-08 -1.5756120192757773e-06 2.1058029379592625e-06 4.8860769483442815e-05 0.0010038259955208711 0.99257789251702255 -6.4986956002446176e-08 5.1550155170383973e-23 -1.0523765867876902e-49
0 0 0 0 0 0 0 0 0 0 0 0 0 0 0 0 0 0 0 0 0 6.0771633572862712e-63 1.4769998595182126e-58 3.157016878432107e-54 4.2819685598806919e-50 3.6729837849591086e-46 1.9849594647397226e-42 6.7290663209116096e-39 1.4238110845290856e-35 1.8694117084332343e-32 1.5125466263546159e-29 7.4791532595694303e-27 2.2372133935537417e-24 3.9967557251566899e-22 4.1940328849421756e-20 2.5275820015400416e-18 8.469872545819712e-17 1.4997146553003844e-15 1.277317570768413e-14 4.1089501389314462e-14 -7.2446620076827157e-15 -1.7065224407483337e-13 2.2259081087892124e-13 5.3890269297812541e-12 1.2972179115708064e-10 1.9232592758144447e-07 0.99257806416943606 -2.356763824599912e-15 4.4264974629808399e-43
9.4955677457597987e-66 9.4955677457597987e-66 9.4955677457597987e-66 7.1216758093198491e-66 7.1216758093198491e-66 7.1216758093198491e-66 9.4955677457597987e-66 7.1216758093198491e-66 1.1869459682199748e-65 7.1216758093198491e-66 7.1216758093198491e-66 9.4955677457597987e-66 9.4955677457597987e-66 7.1216758093198491e-66 4.7477838728798994e-66 7.1216758093198491e-66 1.1869459682199748e-65 1.1869459682199748e-65 1.1869459682199748e-65 1.1869459682199748e-65 1.1869459682199748e-65 9.4955677457597987e-66 2.3738919364399497e-66 7.1216758093198491e-66 1.6617243555079648e-64 1.3507706246456322e-60 7.302901886519518e-57 2.4771330039261032e-53 5.2454163254781697e-50 6.893956467240228e-47 5.5852367389657343e-44 2.7665199616709251e-41 8.2944805348757398e-39 1.4864875894271336e-36 1.5668905488261844e-34 9.5070241896892175e-33 3.2208420013333575e-31 5.8176500064837859e-30 5.1769238287953412e-29 1.9196770486083983e-28 1.5356973273428792e-28 -2.033896115764262e-28 1.5402217290013194e-27 2.1874230788782447e-26 5.3687196407466761e-25 9.0327115455668603e-22 6.974735280693988e-15 0.99257806416856809 -8.6770291631360729e-30
0 0 0 0 0 0 5.5271478752604446e-76 0 0 0 0 0 0 0 0 0 5.5271478752604446e-76 0 0 0 0 5.5271478752604446e-76 0 0 5.5271478752604446e-76 5.5271478752604446e-76 1.1054295750520889e-75 1.6581443625781334e-75 2.2108591501041778e-75 2.9514969653890774e-73 3.0816557707035856e-70 1.9866465993936476e-67 7.8420383121661904e-65 1.8833132777301777e-62 2.7292309667174009e-60 2.3617937891887405e-58 1.2041419833951206e-56 3.5533631822726204e-55 5.9239602366986223e-54 5.3939529539710386e-53 2.584824474311638e-52 6.7291314505903464e-52 1.2769956301365579e-51 3.6544616292309821e-51 5.0005482367469808e-50 2.0946314934386011e-47 7.5985856156813589e-42 2.5679272909744112e-29 0.99257806416726557
-0 -0 -0 -0 -0 -0 -0 -0 -0 -0 -0 -0 -0 -0 -0 -0 -0 -0 -0 -0 -0 -0 -0 -0 -0 -0 -0 -0 -0 -0 -0 -0 -0 -0 -0 -0 -0 -0 -0 -0 -0 -0 -0 -0 -0 -0 -0 -0 -0
